uid,cat
18613,0.685191
34713,0.513150
640893,0.155438
658253,0.629024
698663,0.391945
819953,0.517158
1015991,0.805290
1049171,0.734138
2232041,0.114233
2317921,0.378280
4119741,0.503767
5357812,0.778002
5410962,0.430436
5730192,0.480189
5815162,0.388321
5990782,0.134446
6059462,0.882653
7039122,0.061738
7356562,0.997854
7457112,0.660496
7569062,0.672481
7871622,0.352105
8161712,0.180739
8434292,0.350938
8921662,0.680269
8953122,0.861937
9468372,0.173141
10688432,0.354561
10791692,0.183888
11217112,0.110985
11471902,0.405129
11699992,0.743166
11783502,0.783799
11866582,0.133700
12144232,0.237395
12154642,0.002606
12199912,0.488266
12374262,0.346673
12897112,0.771718
13524182,0.427847
13612452,0.583289
13651772,0.607008
14149825,0.349244
14154145,0.583914
14179097,0.535693
14180091,0.245749
14193053,0.793452
14246765,0.337697
14312952,0.302802
14345238,0.518416
14420319,0.487668
14422439,0.567217
14466538,0.126920
14529929,0.203057
14558556,0.684200
14591053,0.406405
14607035,0.270442
14640856,0.876192
14652207,0.043008
14653515,0.792762
14815439,0.511368
14841990,0.097274
14844867,0.062481
14869615,0.325766
14876672,0.483333
14904437,0.786943
14975341,0.408154
14975777,0.480993
14991129,0.138013
14997156,0.989481
15027086,0.501479
15030319,0.469138
15097698,0.004815
15141153,0.705116
15150904,0.727879
15248019,0.436691
15290909,0.098068
15335534,0.370028
15350114,0.867284
15355596,0.525436
15361224,0.855219
15368831,0.510245
15416505,0.471489
15467700,0.909607
15471305,0.637863
15519984,0.492139
15528275,0.378658
15564737,0.511551
15588500,0.883646
15592409,0.899959
15644361,0.765444
15659876,0.090250
15691217,0.093331
15698424,0.196859
15738163,0.832392
15801623,0.028076
15824288,0.904606
15837659,0.806549
15865178,0.143308
15880231,0.976798
15932201,0.203834
15939889,0.517330
15949499,0.539121
15954997,0.916546
15966651,0.310066
16092470,0.589552
16143547,0.630672
16187637,0.658058
16246524,0.871882
16265835,0.580571
16317406,0.886895
16340501,0.477601
16384077,0.285895
16397938,0.934509
16430180,0.673828
16442379,0.487097
16442769,0.267837
16447203,0.254538
16490790,0.405906
16504279,0.347642
16516557,0.536190
16563441,0.492159
16565279,0.446818
16571326,0.167962
16583468,0.997112
16620338,0.532696
16670356,0.848242
16673480,0.167028
16714630,0.135580
16829641,0.998978
16882190,0.641840
16955832,0.332555
16970757,0.633965
16984426,0.129230
17029260,0.444323
17079233,0.771918
17099702,0.480787
17125184,0.791639
17147415,0.429774
17177380,0.572936
17189640,0.154676
17238812,0.649515
17259137,0.984447
17291452,0.328186
17454769,0.104554
17466186,0.131468
17628113,0.292404
17665196,0.354248
17674136,0.702768
17763819,0.515743
17824265,0.628138
17842545,0.532035
17850012,0.244980
17871151,0.147500
17896154,0.686612
17905825,0.390889
17914526,0.309429
17968106,0.470142
17995040,0.050376
18018946,0.307730
18061669,0.502894
18149379,0.461731
18217624,0.497892
18259073,0.752121
18319387,0.423863
18401584,0.388223
18416448,0.972939
18464266,0.409039
18496709,0.276702
18525137,0.641832
18545087,0.193260
18618463,0.394339
18757212,0.042647
18768324,0.028833
18772897,0.135882
18810140,0.836375
18842500,0.411843
18873014,0.449696
18876259,0.466219
18891923,0.685785
18907463,0.981282
18913730,0.578075
18978553,0.142684
18986746,0.268502
19041801,0.985661
19042148,0.632834
19214688,0.268357
19273332,0.197674
19341224,0.746869
19360277,0.329288
19372353,0.680161
19407835,0.519633
19459174,0.635272
19511892,0.197493
19515741,0.169980
19550464,0.623961
19552358,0.402472
19554219,0.069962
19558678,0.710414
19616327,0.696903
19632767,0.439835
19682929,0.755804
19697415,0.379819
19705861,0.438296
19739126,0.086052
19756913,0.021241
19782280,0.373547
19797212,0.664512
19808466,0.360463
19828669,0.488040
19834104,0.379090
19891385,0.315909
19898968,0.396380
19911013,0.582479
19925750,0.234537
19927246,0.781633
19940085,0.838076
20002401,0.913387
20320732,0.186061
20370009,0.572967
20444684,0.685072
20479813,0.624023
20485360,0.619506
20495784,0.961142
20563733,0.966667
20565828,0.827754
20597460,0.852166
20601355,0.141291
20631422,0.137356
20713061,0.132733
20733972,0.693054
20797433,0.171126
20800806,0.307061
20824022,0.457078
20834145,0.683756
20863953,0.996496
20912252,0.208407
20961223,0.907521
21056670,0.999496
21111098,0.527682
21157904,0.651774
21163774,0.402940
21173031,0.495461
21265109,0.698787
21282579,0.880094
21312077,0.594363
21324442,0.895141
21355783,0.340539
21367529,0.116120
21431618,0.034670
21457760,0.050131
21461944,0.886360
21524994,0.264567
21537009,0.153813
21600671,0.940466
21692297,0.746175
21725307,0.779520
21768283,0.423693
21786220,0.220017
21907474,0.528913
21946424,0.814685
21980851,0.205522
21982720,0.582085
22005666,0.443056
22053247,0.270413
22065051,0.371288
22084332,0.897695
22182810,0.644343
22228362,0.090017
22293499,0.807333
22313347,0.154396
22402879,0.397976
22489176,0.649022
22568938,0.933396
22591029,0.319761
22630531,0.903124
22728672,0.224973
22737278,0.313462
22831059,0.916616
22869375,0.942885
22903890,0.652774
22933975,0.664344
22952100,0.227120
23001277,0.874137
23139642,0.474901
23202279,0.588288
23239595,0.544071
23244977,0.612123
23410387,0.509431
23420032,0.373569
23442900,1.000000
23458577,0.468603
23566062,0.825420
23600262,0.589321
23680387,0.730820
23683237,0.033112
23721547,0.375887
23722338,0.826848
23724083,0.896930
23839068,0.853167
23908154,0.116693
23970102,0.089666
24004161,0.404035
24024964,0.294645
24048309,0.807213
24091175,0.046902
24173766,0.053308
24196431,0.549196
24321412,0.714013
24325228,0.591123
24382424,0.529337
24431892,0.052859
24462845,0.153985
24469207,0.088736
24546965,0.659240
24553611,0.104640
24619328,0.183327
24751102,0.384080
24754443,0.611149
24771990,0.153490
24773493,0.857398
24891056,0.345353
25062618,0.241979
25376782,0.881353
25422037,0.595716
25470277,0.387098
25523383,0.949826
25653022,0.644896
25700780,0.418236
25703657,0.667864
25837158,0.117118
25907345,0.877596
26073624,0.425692
26166038,0.562838
26186655,0.501833
26447622,0.639643
26448815,0.603583
26671291,0.640927
26838084,0.971104
26996910,0.207889
27044466,0.173936
27067245,0.458583
27109629,0.754204
27254400,0.483383
27311044,0.628226
27382597,0.209170
27392088,0.483112
27535392,0.744350
27754737,0.116492
28389123,0.426400
28390436,0.302867
28417752,0.438979
28421062,0.415018
28428796,0.181356
28583679,0.140926
28611932,0.560487
28708693,0.625445
28884165,0.237352
29461066,0.381746
29501253,0.934178
29810999,0.445346
29828407,0.059021
30020457,0.952154
30024076,0.846209
30229527,0.615767
30260471,0.453907
30453215,0.991972
30534986,0.005034
30687343,0.659309
30738693,0.732815
31146195,0.371374
31218079,0.148409
31237069,0.869715
31464192,0.346967
31524308,0.518373
31630823,0.126443
31970121,0.818680
32291954,0.897863
32370124,0.609724
32506723,0.778333
32522055,0.148704
32698651,0.076735
32901775,0.495572
33089758,0.150555
33276161,0.395496
33428464,0.109249
33581258,0.467019
33598182,0.460827
33650159,0.690510
33655490,0.437734
33962024,0.819621
33965228,0.854673
34340464,0.805763
34377792,0.485886
34574304,0.507381
34833836,0.641212
35567897,0.241078
35688200,0.424600
35728482,0.342885
35758363,0.910592
35766688,0.617781
35779221,0.396171
36532324,0.381729
36715157,0.639175
36848129,0.204475
36940614,0.985060
37031780,0.240460
37171200,0.612336
37925384,0.010038
38059716,0.613552
38356380,0.536352
38527519,0.240330
38542427,0.791185
38568814,0.930755
38992631,0.194384
39279821,0.038873
39604218,0.883825
39608768,0.398878
39871383,0.684501
40182386,0.684875
40271429,0.506882
40367637,0.479283
40602195,0.406112
40713594,0.090791
40910906,0.494417
40985398,0.564443
41016473,0.257035
41035664,0.341529
41043688,0.107940
41410702,0.295565
41614718,0.748512
41867187,0.384222
41911585,0.950513
42026991,0.474211
42084426,0.500719
42130355,0.844104
42222668,0.613267
42229538,0.258189
42244985,0.303678
42256596,0.833377
42295835,0.910276
42895967,0.093507
43216109,0.389829
43612335,0.418786
43933689,0.277945
44036125,0.560906
44431389,0.492125
44433231,0.690962
44495316,0.924415
44534427,0.004148
44638576,0.518561
44666093,0.126131
44970004,0.351958
45382058,0.110057
45438720,0.245345
45801800,0.191352
45943310,0.481275
46286327,0.493999
46315702,0.134127
46817943,0.421053
46909096,0.349199
47208642,0.711417
47360640,0.289373
47448886,0.739240
47609159,0.024105
47611798,0.527672
47738336,0.461555
47801895,0.057681
48103098,0.739995
48459553,0.243793
48462847,0.571533
48789206,0.469541
49031364,0.140815
49035017,0.435002
49140008,0.530903
49159617,0.106742
49349804,0.035082
49494776,0.852787
49729058,0.241031
49825358,0.829753
49910253,0.968052
49964679,0.592953
50073507,0.101898
50206233,0.051101
50427352,0.009397
50574380,0.465511
50678562,0.069263
51194212,0.965742
51244287,0.423451
51537566,0.406487
51798402,0.754297
52076995,0.029088
52237499,0.153624
52304376,0.767177
52482547,0.733839
52702957,0.429372
52718518,0.726923
52771152,0.872742
52897731,0.100703
53104326,0.374341
53309297,0.906135
53848598,0.505195
54081679,0.245573
54193002,0.686728
54602427,0.226168
54941938,0.124002
55310956,0.695082
55398550,0.533625
55643849,0.823857
55677432,0.984399
55684796,0.528267
56001656,0.969201
56452670,0.628167
56586281,0.561854
56586687,0.793026
56838529,0.584759
56867302,0.464735
57377201,0.535328
57389552,0.430990
57435654,0.378906
58074184,0.605520
58209656,0.490008
58542624,0.755081
58569513,0.250986
58915476,0.707052
59217500,0.086677
59917627,0.629004
59961072,0.890018
60140764,0.939292
61003613,0.233560
61028046,0.186205
61890677,0.897717
62132257,0.936248
62521603,0.945581
62950213,0.385352
63048772,0.158520
63073834,0.719662
63228779,0.013160
63818888,0.143913
64015215,0.893253
64405579,0.319493
64617552,0.823750
65272235,0.935668
65981979,0.142084
66336739,0.614303
66536279,0.296771
66618159,0.440709
67181051,0.922549
67576760,0.171977
67819141,0.873682
67973860,0.455887
69229697,0.432978
70162470,0.118133
70477603,0.406816
70515960,0.528542
72273570,0.654413
72325394,0.257853
72638139,0.302004
73170404,0.900065
73730139,0.162807
73829388,0.815616
74230885,0.677296
74517909,0.698474
74548068,0.685108
74662993,0.458517
75422403,0.910290
75893701,0.550772
76200159,0.851726
76221819,0.025563
76452765,0.257573
76540301,0.534456
76570908,0.125481
77050817,0.854212
77544463,0.001217
77875702,0.572177
79258361,0.847237
80290374,0.483386
80415454,0.050968
80624266,0.286389
81014765,0.249074
81089137,0.806443
82014214,0.358560
82167518,0.804118
82179637,0.297139
82419517,0.421669
82969624,0.632697
83283585,0.150196
83967276,0.776677
84126644,0.945837
84482355,0.354533
85041406,0.020138
85127375,0.897752
85794542,0.669331
86439208,0.478719
87030767,0.747096
87051556,0.457065
87278897,0.040790
88348765,0.830794
88551731,0.520986
88620317,0.427684
88791057,0.978554
88940350,0.894015
88957942,0.618166
89781370,0.869252
90647602,0.684161
91863101,0.110532
91882544,0.818622
92186819,0.778558
92431821,0.110683
92528463,0.807346
93029202,0.200342
93574095,0.556598
94125439,0.716165
94454080,0.563303
94551207,0.610481
95303730,0.182245
95595053,0.790571
95687767,0.237278
96043691,0.605464
96426017,0.956755
96824952,0.385763
97223142,0.389563
97575423,0.985800
97583689,0.744817
99386572,0.531603
100110769,0.972647
100402803,0.716839
100612482,0.472825
100673651,0.419252
100880543,0.767612
101626804,0.065701
101783862,0.867315
102116396,0.695030
102150935,0.311675
102192639,0.318000
102446768,0.466430
102773721,0.527225
103508045,0.165701
103706347,0.343808
103849564,0.423122
103893110,0.581612
104588893,0.291859
104727439,0.198993
104811393,0.176239
105764853,0.749679
106843663,0.746115
107290835,0.449212
107374598,0.151686
108196727,0.383494
109307442,0.222851
109756379,0.360857
110265621,0.924046
110375093,0.422381
110632424,0.114806
110911172,0.848150
111163086,0.511204
111345339,0.178993
111475826,0.159547
112255767,0.796674
112533514,0.679707
112576406,0.504085
113163844,0.498617
113346201,0.276227
113431424,0.278259
113476423,0.821654
113758100,0.082662
114007315,0.314672
114024610,0.296940
114548995,0.651327
114887629,0.148247
115119048,0.569233
115230067,0.866108
115979444,0.487068
116341480,0.208865
116830038,0.066555
116835497,0.015435
116845797,0.358484
117233982,0.564789
117529976,0.377979
118245138,0.232631
119074643,0.315463
119495864,0.788531
119571473,0.931627
120550648,0.330107
120835788,0.268558
121626258,0.052938
122167306,0.058854
122592298,0.423054
123035277,0.512185
123266709,0.743479
123327472,0.238356
123738314,0.815950
123879401,0.039579
124275780,0.274700
124567146,0.590101
124653833,0.945113
124763921,0.748993
125706625,0.366333
125931208,0.119624
126401831,0.898711
126628076,0.278366
126668055,0.101418
126778508,0.819319
126783082,0.305471
128733097,0.016396
129350395,0.316928
129679132,0.428447
130171234,0.932390
131262336,0.293364
132564528,0.719611
133801267,0.223981
133832049,0.529517
134249298,0.933591
134849548,0.108133
134924292,0.405589
135344405,0.371967
135620804,0.218942
137327982,0.622386
137525850,0.247426
138910709,0.717887
138977055,0.533579
139738464,0.130482
139853489,0.889026
140047339,0.741909
140564601,0.566403
140571506,0.422792
141311466,0.601486
141946686,0.304262
142075152,0.568899
142716668,0.728562
143159371,0.132016
145042229,0.761543
145518909,0.402216
145708791,0.465840
147128025,0.979006
147450056,0.987395
147712159,0.945744
148828676,0.571681
148846102,0.393361
149965942,0.742084
152204625,0.389766
152818187,0.883816
153198298,0.002258
154139987,0.863644
154621647,0.164275
155773979,0.872549
156045092,0.591869
156745023,0.526891
156831916,0.474552
157665372,0.994329
160219862,0.455094
160348847,0.491696
160724902,0.700885
161210880,0.887233
161487326,0.667562
161971127,0.251777
162473641,0.188738
162524508,0.545925
163180737,0.888716
163250093,0.329682
163939556,0.160294
164369297,0.876533
164447901,0.316131
166107508,0.085676
166272944,0.909373
166618587,0.839009
166633303,0.235724
166764102,0.362146
167024520,0.312617
167214012,0.530693
167898719,0.913564
168507420,0.552774
169018290,0.042419
169518455,0.345979
170547167,0.596645
170801530,0.023498
171213128,0.033045
171598736,0.781884
172962811,0.183447
173216568,0.408341
175075708,0.764816
176153330,0.637614
176659323,0.092606
176850599,0.592094
176909116,0.066141
176910659,0.330945
177169769,0.175043
177549638,0.553698
177583197,0.186253
177592870,0.484618
178836499,0.378127
179070296,0.325097
179732982,0.173397
179948811,0.117364
180633258,0.091265
180653053,0.783057
182446060,0.921245
184780576,0.033214
185277740,0.485309
185506471,0.753874
185903495,0.463969
186621181,0.336513
187253039,0.116435
187377716,0.580788
187658030,0.954704
188744528,0.136793
189408784,0.574171
190328374,0.136078
190537400,0.943075
191049947,0.860172
192028431,0.785434
192379122,0.183293
193069286,0.819743
193796574,0.807206
194222922,0.114797
195829353,0.970266
197095038,0.490868
197417201,0.249167
198488053,0.089951
199875709,0.333013
201008210,0.823554
202472938,0.909098
202480627,0.500276
209739174,0.087810
210002058,0.596161
211871567,0.155885
211932365,0.577908
212129844,0.002966
212634446,0.296646
212934500,0.617997
213761225,0.809454
215911580,0.021688
216419836,0.677110
216554380,0.381753
217145597,0.619163
218526734,0.941196
218975278,0.252166
218993683,0.599575
219867689,0.436090
220523088,0.524776
221162525,0.617069
221179155,0.321399
221637541,0.442899
221762308,0.233373
223554780,0.277148
224351666,0.189236
224391627,0.493316
225068510,0.675247
225970038,0.521634
226219881,0.666260
227083634,0.192172
227595374,0.684592
230450027,0.865200
231129000,0.681925
231558689,0.826511
231895094,0.004601
233761277,0.251434
233949261,0.217280
234224660,0.492243
234872414,0.955823
236511574,0.986325
236906055,0.809153
237131131,0.547021
237348797,0.565423
237820048,0.418988
238064439,0.817465
238206354,0.357491
238862918,0.220463
239964758,0.040025
240303484,0.895851
240431327,0.828400
240913462,0.366618
240984102,0.357325
241922493,0.116040
243624699,0.087702
243639047,0.111119
243666326,0.057998
244268646,0.166887
245237505,0.531750
245358984,0.945335
245412130,0.339824
246403554,0.940558
247196478,0.757240
247854534,0.325512
247890865,0.742550
247905865,0.307660
247981000,0.083393
248109607,0.419533
248286601,0.562911
248498819,0.910343
249379601,0.484047
249542934,0.525140
250912539,0.289937
251831537,0.775885
251986226,0.677264
252046831,0.478882
252989813,0.261789
253081186,0.505446
253110749,0.812952
254283743,0.638995
254640843,0.706125
254910150,0.091373
255557651,0.574214
256426166,0.882392
256765371,0.698989
257048770,0.676095
257145200,0.401558
257186608,0.284072
257251498,0.584729
257529281,0.850165
257774605,0.160613
257801856,0.499518
257912039,0.422793
258203630,0.262890
258335849,0.712995
258540965,0.893854
258900199,0.987760
260036406,0.071149
261060577,0.615586
261066642,0.058722
261309062,0.389355
261350404,0.309094
262341541,0.185791
262349987,0.320030
262396353,0.318917
263433749,0.152001
264377994,0.710233
265183253,0.273526
265512657,0.346065
265678117,0.628775
265685365,0.273629
266247126,0.715522
267021392,0.142279
267938462,0.997025
268757302,0.287150
270053769,0.509193
270425776,0.990187
271127232,0.135298
271208038,0.526792
271997092,0.852789
273028251,0.547648
273130714,0.548561
273177474,0.014529
273189570,0.771697
273280418,0.153614
273417461,0.704640
273448833,0.000708
274704311,0.859719
274746177,0.821963
274813393,0.601018
277227522,0.260840
277719684,0.511708
278163308,0.862291
279333899,0.635942
279692503,0.749989
279711316,0.593559
280721456,0.818885
281560271,0.830287
281909255,0.125972
282392522,0.167845
283110084,0.775762
283284818,0.268280
283499967,0.812541
284210345,0.384062
285744541,0.405550
286680865,0.895366
287407722,0.110756
288915151,0.385786
289145118,0.948057
289623381,0.183155
290011697,0.537299
291553031,0.355341
292699555,0.692455
293269370,0.048312
293465310,0.552759
293765638,0.604860
293816619,0.077744
294452239,0.643553
294991606,0.925655
295601582,0.350112
296946929,0.277233
298240756,0.356307
298718098,0.967913
298915258,0.440630
301799554,0.798958
302422512,0.932298
304222354,0.946577
305056580,0.606126
305216911,0.946598
305435798,0.634708
306614871,0.422870
306962931,0.979051
307897150,0.156766
308500560,0.918452
308861333,0.141717
309999584,0.081879
310199546,0.584107
310271883,0.855425
310586465,0.436972
311621168,0.580333
312797318,0.464398
312997895,0.045860
313008342,0.403017
313545488,0.203385
314797521,0.445128
314927206,0.888810
315244005,0.538757
315615420,0.742715
315657427,0.859630
316227968,0.500641
317808744,0.589815
318669118,0.522737
318681017,0.349204
320027703,0.456589
321589427,0.247880
321732170,0.483201
322134353,0.583022
322688820,0.137454
322868425,0.149549
323063606,0.556408
324828033,0.422190
326944732,0.320484
327526580,0.782524
329525509,0.855599
329899747,0.025099
330537050,0.039518
330718614,0.053936
331142058,0.635706
331376866,0.878117
331797450,0.494045
332638577,0.970055
332819736,0.172059
333615931,0.097249
333720818,0.366360
334069080,0.115073
334753435,0.002912
335033945,0.279731
335066641,0.383072
338701477,0.262815
340506013,0.221421
342460950,0.381432
342499618,0.922241
342893296,0.622512
343501683,0.488434
343653872,0.836283
344166129,0.936821
344464386,0.630600
345104604,0.824853
346043982,0.895828
347745538,0.747492
347971482,0.218949
348321777,0.251370
348819508,0.183063
349386919,0.681583
352547206,0.693178
353138804,0.555552
354197301,0.489495
354771693,0.470143
357461232,0.303696
357810318,0.609233
357936154,0.046137
358305500,0.388533
358421123,0.082932
359019937,0.614268
359119320,0.427434
359652362,0.239468
363247022,0.562953
363437423,0.143684
364514085,0.734755
364916934,0.128027
364968370,0.429861
366008526,0.353029
366939898,0.322967
367308660,0.526324
368204729,0.954879
370216378,0.845315
371726146,0.520950
372082694,0.974203
372892570,0.556637
373656619,0.333719
373758798,0.788817
374331041,0.134041
375374016,0.850863
376542499,0.288873
377188795,0.245258
377683003,0.308140
378181419,0.627591
380608558,0.260973
381144077,0.542608
381515832,0.736099
383906575,0.076136
385088319,0.717261
385521710,0.650230
385841800,0.576308
386553462,0.149602
386640525,0.642275
387528139,0.944287
387862476,0.884902
388540227,0.421830
388585144,0.286531
388666653,0.980608
388777195,0.319318
389236289,0.004293
389744436,0.286328
390477696,0.449387
390526317,0.454186
396158429,0.066518
396904079,0.078105
398045016,0.328134
398284768,0.754533
399617039,0.471450
400691253,0.006130
401859102,0.544882
402329017,0.616957
402434614,0.025393
405652616,0.384192
407805674,0.017921
407880875,0.665951
408168342,0.189632
408220808,0.643654
413362813,0.796785
413395567,0.735659
414191125,0.266419
414257018,0.800430
416305947,0.038678
418308596,0.768846
419161713,0.568195
421573665,0.840657
421863694,0.417547
424446981,0.443732
426251923,0.655235
427654338,0.978003
427847925,0.401405
428176844,0.507650
428741825,0.202117
428880240,0.064585
429543135,0.684722
430924698,0.701366
432973716,0.727245
435336487,0.459690
437190314,0.744869
438449199,0.000375
439434273,0.581046
440201085,0.441518
444361536,0.840778
444374745,0.856966
445317667,0.214408
446332475,0.600075
448792429,0.341333
456916306,0.420619
459846845,0.829488
463414347,0.610073
463422324,0.568280
464790606,0.402179
466920813,0.268712
469885689,0.153993
469921287,0.839910
470420282,0.668787
471306651,0.153147
471617923,0.766764
472145673,0.388512
472515859,0.979634
472522579,0.258077
473469102,0.250739
473524536,0.467659
473782936,0.811795
475274619,0.186606
475404591,0.097087
476512333,0.487417
478070780,0.863359
478309668,0.516770
479953114,0.112153
480655666,0.669529
480786828,0.643475
480804118,0.423461
480928357,0.623095
481430749,0.952337
483078503,0.699061
487840423,0.239531
488724506,0.859087
489720219,0.008740
491472275,0.227313
493015263,0.606921
494550045,0.209070
495447462,0.517085
496293711,0.275152
498563302,0.485013
500058151,0.332958
501322226,0.466133
503662020,0.537447
507415283,0.491004
509473454,0.644729
513778623,0.399470
514718176,0.223451
517840915,0.495482
517907432,0.833722
518027987,0.508525
519017852,0.313661
519505793,0.500550
520011678,0.563236
520697434,0.906923
523629500,0.673096
524649683,0.951871
524916657,0.785607
526977284,0.501134
533278348,0.291224
533713424,0.692270
534638680,0.043198
534745180,0.637137
535400371,0.390798
536781820,0.689575
538547125,0.385159
539492347,0.471511
540316720,0.742591
540351762,0.262874
540815308,0.444357
542230961,0.748263
543780273,0.951533
543899246,0.173649
544751564,0.752962
546964954,0.027014
547630729,0.714290
549596819,0.211981
549824334,0.737250
550272650,0.599987
555579293,0.646612
557465085,0.194952
562390825,0.419018
562517854,0.994916
562981626,0.980166
563387452,0.573142
564091125,0.226345
564273480,0.837530
564813651,0.006398
565042773,0.540943
565469671,0.914372
568695530,0.846072
570437806,0.509863
571483825,0.231299
571964470,0.213084
575504644,0.933127
576012298,0.165047
579377606,0.456757
579491814,0.978905
583390972,0.595231
586125611,0.892668
586132952,0.744266
586319054,0.212910
589754331,0.698157
590294390,0.607767
591584517,0.552133
592348961,0.496214
593175315,0.786779
593667852,0.362204
594156339,0.431738
594368622,0.296885
595713196,0.519024
596869617,0.563339
598348855,0.472556
600470774,0.473889
601290874,0.108934
601979135,0.800718
606726493,0.962645
606735694,0.937586
606981387,0.043277
611358661,0.376187
611403956,0.466965
617318310,0.131210
619362392,0.503330
625177508,0.204802
625955310,0.405859
626006840,0.621575
626331458,0.217847
627212847,0.579314
630030255,0.015794
633426347,0.715169
634904655,0.906844
701392680,0.219653
703599787,0.581104
724816394,0.525359
727242919,0.576734
730587960,0.155948
731965982,0.042140
733028388,0.856072
741492187,0.978965
747697374,0.319358
748310160,0.459921
749598222,0.542400
751011565,0.605132
754129262,0.705380
757345172,0.498760
758636750,0.813042
764423749,0.082953
768415572,0.356790
779495720,0.342894
780786054,0.785156
783142584,0.576933
789205164,0.455346
790055636,0.722576
798762666,0.809976
804734372,0.947940
805307714,0.294305
805333129,0.700148
809108984,0.330105
811624796,0.961378
816614216,0.804347
818551056,0.383967
820068792,0.864002
822540241,0.591249
822568802,0.392686
829859839,0.889319
830829828,0.253533
838265496,0.651524
838557542,0.588065
840528662,0.997625
842475074,0.658654
845139168,0.505191
849162614,0.446966
853748822,0.625919
860160420,0.844895
869207839,0.156942
873546254,0.059833
876656678,0.411823
879506286,0.661386
885659928,0.190132
887203226,0.614089
889115678,0.342483
896342461,0.179507
898952310,0.854066
900035040,0.114386
901209434,0.123194
903105691,0.577759
904396772,0.747318
905282768,0.604693
912634680,0.656585
915924998,0.849387
917749700,0.701169
918009306,0.395867
922427654,0.518648
923985200,0.098865
925795734,0.980779
930506466,0.412440
931594219,0.904978
931892910,0.610196
932585497,0.311218
936040214,0.700729
939015420,0.727204
942156122,0.809448
942868836,0.296184
948471642,0.976010
948620310,0.668039
952334024,0.704342
963145339,0.502671
963275773,0.094711
965133673,0.390704
966638065,0.892411
967423477,0.931406
970818296,0.508871
979818301,0.510000
993483668,0.183820
993962845,0.043193
996067051,0.687577
1003130904,0.863113
1009864844,0.056880
1010979907,0.503587
1017808566,0.118329
1018620445,0.165487
1024827330,0.402120
1024999375,0.009659
1025313223,0.662238
1031872406,0.048410
1046175163,0.292984
1051333165,0.732631
1057566710,0.693452
1068545598,0.623952
1069353853,0.248054
1071841692,0.125980
1072520654,0.916349
1081819903,0.727889
1098402872,0.125328
1104346478,0.313316
1115336587,0.672830
1123212380,0.681091
1134387428,0.274624
1143368334,0.094436
1146533180,0.489973
1155273433,0.734190
1164373388,0.759250
1166969684,0.677686
1176527791,0.761638
1188132697,0.373077
1190604492,0.802678
1193686536,0.406799
1199397170,0.381119
1216086978,0.449087
1216795250,0.874048
1242653575,0.384442
1247418349,0.868599
1249892281,0.465118
1250538404,0.200667
1251052585,0.141976
1251872904,0.644006
1258209258,0.553969
1265169745,0.645052
1268625612,0.325454
1270837801,0.719565
1271691679,0.920393
1287439165,0.729769
1289674926,0.879621
1297729854,0.950211
1311764197,0.131716
1313339132,0.206252
1319295614,0.804180
1328464994,0.488117
1334785333,0.046353
1334852306,0.535024
1338330434,0.848099
1340365914,0.553758
1353324606,0.367548
1354732754,0.299055
1355828240,0.700128
1360631528,0.266151
1370926345,0.048686
1375306027,0.653226
1377573355,0.394081
1380718279,0.160538
1380808520,0.813498
1387885346,0.499377
1403202007,0.610323
1406691746,0.130911
1407972582,0.662165
1414117614,0.650377
1417040330,0.752855
1418887076,0.515732
1421631721,0.721208
1421998471,0.748964
1428047612,0.642287
1435509080,0.044996
1450526228,0.244044
1456761750,0.617319
1458563664,0.363314
1460760210,0.375913
1469822852,0.397544
1470960901,0.348165
1478211248,0.896751
1480505023,0.501409
1483880702,0.239064
1488897421,0.114874
1495088653,0.940276
1499145156,0.053691
1506845246,0.667664
1510817994,0.514393
1512191946,0.430852
1516193521,0.978307
1525578882,0.581395
1536791610,0.917804
1548227732,0.426493
1549686492,0.596628
1551868069,0.678726
1559350598,0.685122
1571714280,0.482998
1590693098,0.906615
1592078822,0.640595
1592635465,0.458793
1600195111,0.125365
1601889872,0.078362
1610741862,0.554330
1614251834,0.956709
1629339452,0.343976
1645478802,0.656533
1645759142,0.752583
1646771184,0.309815
1647061712,0.381729
1654488295,0.868024
1660314608,0.636631
1681857542,0.564538
1692555433,0.027106
1692609740,0.483188
1697300972,0.661496
1702560355,0.349798
1707682164,0.480012
1723952785,0.745695
1725346819,0.675880
1854917430,0.026858
1858270231,0.391803
1858415868,0.849154
1861412166,0.946119
1869036517,0.042372
1881112440,0.792092
1884904412,0.527035
1892830382,0.913860
1899432967,0.383728
1900539194,0.696695
1901990995,0.149792
1909557109,0.354383
1912576375,0.887936
1927205629,0.066845
1954451161,0.657974
1957716374,0.317891
1963094388,0.396084
1963712388,0.266637
1966845822,0.770313
1967614440,0.537768
1975823378,0.273193
2148580382,0.305840
2150350748,0.614461
2153710723,0.080834
2154273384,0.137153
2159855251,0.999538
2178009186,0.040741
2191061814,0.752636
2198704819,0.832813
2203894490,0.241743
2208173625,0.416514
2216018301,0.503059
2225785909,0.644891
2233452180,0.304808
2233635295,0.637293
2233646658,0.249410
2244682254,0.035372
2246240480,0.844994
2247466446,0.303999
2248799216,0.298974
2257976822,0.854928
2270543852,0.124246
2275605806,0.616484
2278767387,0.241229
2279949104,0.791470
2279996258,0.980329
2280884857,0.705102
2280933884,0.194244
2288286854,0.017549
2292547999,0.214223
2298671550,0.516190
2300073361,0.722268
2300514811,0.643273
2308265716,0.984117
2311099634,0.547365
2312595268,0.843630
2314440847,0.932080
2316366210,0.836197
2332065509,0.899064
2333040390,0.170293
2341044722,0.194303
2348922644,0.919555
2352599250,0.711657
2356348507,0.086296
2356549188,0.537165
2362104414,0.924591
2369153479,0.480676
2372368079,0.036577
2376582930,0.229459
2377691090,0.389601
2380699792,0.518639
2386034021,0.507710
2387111383,0.634134
2402059454,0.255623
2417826549,0.517126
2424639619,0.994732
2424707233,0.384633
2438013757,0.617319
2438762940,0.260602
2449913803,0.561336
2459129959,0.617749
2460450793,0.704114
2461452080,0.147233
2462808887,0.152509
2473261232,0.541656
2476036543,0.621545
2482628143,0.340184
2485901304,0.904938
2491964094,0.584980
2502348015,0.344541
2507906130,0.550567
2511302792,0.926527
2522001204,0.687713
2534195028,0.155395
2536177892,0.251769
2556725362,0.533230
2558033729,0.229558
2561564432,0.344362
2564285390,0.756661
2564440225,0.214079
2571925363,0.009583
2574739866,0.776721
2576136230,0.444211
2579109732,0.194630
2582736318,0.180449
2607995856,0.235615
2651844968,0.650855
2655537530,0.754433
2657622183,0.069001
2667881743,0.595135
2672422810,0.433878
2685519077,0.735160
2690777048,0.776112
2695656084,0.338255
2705075796,0.687931
2706201270,0.317781
2713877234,0.635306
2714551200,0.393877
2718347636,0.083552
2728581335,0.071784
2730584163,0.434794
2733006195,0.076353
2736300903,0.693785
2738717014,0.263673
2743762147,0.476269
2783144541,0.658324
2792156032,0.053819
2792747342,0.469579
2802077124,0.422945
2802332676,0.557961
2802646946,0.444401
2808067079,0.921723
2809669704,0.460232
2812424461,0.212845
2818204127,0.796500
2823788486,0.348669
2829300438,0.466903
2863728977,0.498574
2865560724,0.517984
2868258183,0.404568
2869068720,0.616130
2875174331,0.917310
2877118643,0.152922
2878075066,0.293066
2891474527,0.306732
2896326927,0.306917
2897022418,0.916433
2927834407,0.594626
2936790183,0.857711
2941152252,0.651499
2942226411,0.561249
2943056070,0.468910
2946034450,0.495187
2949261587,0.658339
2951005084,0.645660
2951733495,0.191437
2951975306,0.825846
2957931503,0.714920
2964197287,0.772868
2984587975,0.409171
2984750201,0.755103
2988647262,0.556213
2990718884,0.780718
2993222656,0.497241
2997047631,0.930655
3000174200,0.428906
3010503427,0.915037
3015956192,0.842084
3051944620,0.525471
3081420210,0.875291
3091890379,0.415072
3093158331,0.830344
3098400900,0.574563
3102653770,0.533684
3104990163,0.222774
3105380327,0.082514
3111145354,0.223369
3113088297,0.967910
3130914869,0.999974
3139186004,0.780545
3140643874,0.274312
3151882915,0.217494
3154508072,0.105169
3167335095,0.908157
3171738157,0.813523
3171896913,0.932644
3180033518,0.340674
3188733363,0.095838
3189078523,0.813857
3192012592,0.056957
3192392581,0.801185
3195330108,0.494962
3199302520,0.152999
3224644603,0.570407
3224770387,0.634721
3227730607,0.993374
3228880990,0.570461
3229153556,0.615932
3231868097,0.759916
3232102722,0.929379
3235955615,0.195861
3242279563,0.086779
3242841195,0.637647
3249374986,0.808427
3250894425,0.872423
3254912324,0.967351
3258001632,0.692509
3259494140,0.000055
3270321498,0.668900
3272381252,0.062541
3275533321,0.894789
3277433070,0.076442
3279196610,0.418712
3284112337,0.041668
3284189839,0.005901
3287312391,0.908534
3293501861,0.806747
3294955041,0.989969
3297832559,0.738611
3299786253,0.997842
3299860077,0.843199
3300064481,0.873905
3301127227,0.877385
3301553572,0.775193
3302915034,0.773749
3306201620,0.713893
3309422527,0.002081
3310028162,0.594279
3310526178,0.058432
3310696012,0.996569
3310874893,0.003644
3311869442,0.899235
3312973854,0.582535
3315269498,0.703025
3315399386,0.946458
3315520855,0.503814
3316267142,0.711529
3319052612,0.319812
3325576474,0.787329
3329825789,0.386575
3329931629,0.972203
3330052767,0.971643
3331481614,0.787354
3332640269,0.138381
3339874060,0.930175
3351730228,0.451215
3352466116,0.944252
3352803292,0.952309
3353727100,0.890348
3354545907,0.009132
3368690836,0.811755
3370353071,0.417011
3386031940,0.240908
3388321263,0.882289
3389880671,0.179476
3394204695,0.999822
3394554133,0.995319
3394924354,0.001615
3397533639,0.071521
3400867311,0.103865
3403451547,0.062797
3407395714,0.039722
3409706945,0.219088
3410432950,0.143412
3410807495,0.761404
3411839685,0.492558
3412562963,0.923700
3413738387,0.960074
3418466404,0.974693
3419873583,0.455985
3422267541,0.558533
3422789174,0.057223
3424299539,0.469099
3424368129,0.689443
3429057861,0.483090
3430678311,0.196452
3432209199,0.920385
3433390213,0.971972
3434356745,0.960476
3449523733,0.714914
3450964103,0.281509
3452894301,0.139307
3483102436,0.310124
3486342376,0.764389
3498857657,0.291792
3515547857,0.284016
3539836095,0.034142
3540580215,0.727801
3573336134,0.633187
3579096975,0.533801
3587553312,0.376380
3588504253,0.901220
3631648093,0.624823
3666144674,0.218680
3691999935,0.122988
3707208615,0.695728
3743861356,0.044921
3750639374,0.114977
3772927092,0.919547
3786822133,0.340417
3795603381,0.781760
3805800674,0.346394
3816965963,0.122203
3846176453,0.394074
3848656575,0.917151
3864868815,0.461332
3872826447,0.337576
3882727697,0.983829
3885414492,0.843000
3892233005,0.687910
3893162519,0.515015
3913470017,0.130834
3917008632,0.196012
3946365557,0.016480
3970979594,0.000080
3998221213,0.953747
4003730774,0.192524
4014574593,0.160855
4049098757,0.001298
4061885906,0.909989
4063127891,0.453268
4070524766,0.971669
4091481669,0.149040
4094704180,0.322825
4112223267,0.543479
4113864453,0.035138
4139467932,0.389184
4149644187,0.371150
4159694920,0.000940
4164429193,0.993535
4169286705,0.518352
4176516076,0.727999
4197996737,0.304957
4204474265,0.629661
4218913349,0.184317
4265934436,0.120848
4302290188,0.690915
4306599138,0.600795
4307235683,0.274582
4317051854,0.628415
4332046835,0.013771
4347747935,0.435391
4353841283,0.936227
4433841208,0.082998
4434221542,0.891190
4434223398,0.607086
4434954554,0.054752
4488800302,0.099397
4490213472,0.234482
4522269616,0.997683
4539913215,0.083443
4558048156,0.230934
4581287603,0.889285
4597457008,0.024147
4606770373,0.963806
4612779200,0.951541
4618300349,0.288636
4634118211,0.057450
4635514699,0.664132
4644102737,0.695063
4646585837,0.867278
4650885269,0.583855
4656078680,0.384934
4679578027,0.992759
4696552878,0.914683
4706270920,0.098035
4708373603,0.614123
4716070998,0.401677
4729789692,0.139669
4738383390,0.869344
4751746148,0.999997
4796927255,0.929108
4809119178,0.240480
4823066891,0.567095
4829344809,0.939037
4834734315,0.509652
4835749726,0.048616
4847815478,0.422854
4855383726,0.495170
4856899380,0.044831
4859985830,0.246338
4882094038,0.623084
4884966191,0.127664
4889333114,0.308095
696533957651763200,0.562952
698513665687818240,0.487178
701423921157943297,0.040581
300538516,0.500000
4903974179,0.500000
1700717659,0.500000
164584108,0.500000
442306827,0.500000
24399531,0.500000
39258707,0.500000
472510240,0.500000
185189538,0.500000
67130089,0.500000
304696956,0.500000
2226289219,0.500000
327750233,0.500000
568608987,0.500000
2181006680,0.500000
314167169,0.500000
2978122428,0.500000
355720996,0.500000
993924499,0.500000
3706900213,0.500000
2931948320,0.500000
2716352475,0.500000
215475968,0.500000
2889206220,0.500000
184637477,0.500000
4719313943,0.500000
284861750,0.500000
300698799,0.500000
