uid,cat
18613,0.470192
34713,0.457667
640893,0.221662
658253,0.304690
698663,0.649995
819953,0.479514
1015991,0.483841
1049171,0.636712
2232041,0.451863
2317921,0.476515
4119741,0.397882
5357812,0.572248
5410962,0.452729
5730192,0.490928
5815162,0.469955
5990782,0.622687
6059462,0.461481
7039122,0.548383
7356562,0.617514
7457112,0.464321
7569062,0.268117
7871622,0.587095
8161712,0.490145
8434292,0.531191
8921662,0.625865
8953122,0.688618
9468372,0.473417
10688432,0.535279
10791692,0.519488
11217112,0.512477
11471902,0.672519
11699992,0.506186
11783502,0.537204
11866582,0.336943
12144232,0.462914
12154642,0.227007
12199912,0.520583
12374262,0.539655
12897112,0.569855
13524182,0.454345
13612452,0.514670
13651772,0.631427
14149825,0.508471
14154145,0.448821
14179097,0.511194
14180091,0.554110
14193053,0.366180
14246765,0.616022
14312952,0.516678
14345238,0.498201
14420319,0.539876
14422439,0.498027
14466538,0.377218
14529929,0.387981
14558556,0.619254
14591053,0.450225
14607035,0.327181
14640856,0.670751
14652207,0.418233
14653515,0.566484
14815439,0.608986
14841990,0.496071
14844867,0.213219
14869615,0.468302
14876672,0.589469
14904437,0.528455
14975341,0.436366
14975777,0.526857
14991129,0.548354
14997156,0.793873
15027086,0.416250
15030319,0.416810
15097698,0.356495
15141153,0.614345
15150904,0.479296
15248019,0.471970
15290909,0.468801
15335534,0.390052
15350114,0.503999
15355596,0.521304
15361224,0.741381
15368831,0.463864
15416505,0.506327
15467700,0.608083
15471305,0.737427
15519984,0.438395
15528275,0.507746
15564737,0.520960
15588500,0.741778
15592409,0.734530
15644361,0.716595
15659876,0.477622
15691217,0.440192
15698424,0.510266
15738163,0.509757
15801623,0.299652
15824288,0.622039
15837659,0.549797
15865178,0.594717
15880231,0.580425
15932201,0.471514
15939889,0.663909
15949499,0.543248
15954997,0.544274
15966651,0.530638
16092470,0.510812
16143547,0.549783
16187637,0.470755
16246524,0.529666
16265835,0.458720
16317406,0.553499
16340501,0.448317
16384077,0.309311
16397938,0.558895
16430180,0.626590
16442379,0.546937
16442769,0.414264
16447203,0.420044
16490790,0.376279
16504279,0.463070
16516557,0.521574
16563441,0.310555
16565279,0.559650
16571326,0.434533
16583468,0.618601
16620338,0.480673
16670356,0.568523
16673480,0.554631
16714630,0.596265
16829641,0.696514
16882190,0.599282
16955832,0.352840
16970757,0.530851
16984426,0.424521
17029260,0.467758
17079233,0.552036
17099702,0.645047
17125184,0.517275
17147415,0.671395
17177380,0.599734
17189640,0.584496
17238812,0.497322
17259137,0.701635
17291452,0.462320
17454769,0.286648
17466186,0.285016
17628113,0.375750
17665196,0.516343
17674136,0.502777
17763819,0.486525
17824265,0.433879
17842545,0.566932
17850012,0.222794
17871151,0.473680
17896154,0.541541
17905825,0.558675
17914526,0.334034
17968106,0.460539
17995040,0.380880
18018946,0.544062
18061669,0.509157
18149379,0.497845
18217624,0.567269
18259073,0.680813
18319387,0.642412
18401584,0.513561
18416448,0.513744
18464266,0.742115
18496709,0.373491
18525137,0.506105
18545087,0.396913
18618463,0.299415
18757212,0.551323
18768324,0.213708
18772897,0.186173
18810140,0.642672
18842500,0.654660
18873014,0.526041
18876259,0.567325
18891923,0.532066
18907463,0.577000
18913730,0.476178
18978553,0.392206
18986746,0.190693
19041801,0.569475
19042148,0.521916
19214688,0.349979
19273332,0.275635
19341224,0.481314
19360277,0.326394
19372353,0.551463
19407835,0.511983
19459174,0.530312
19511892,0.475742
19515741,0.470759
19550464,0.314454
19552358,0.566157
19554219,0.363554
19558678,0.653492
19616327,0.447877
19632767,0.451489
19682929,0.663540
19697415,0.307950
19705861,0.478117
19739126,0.518005
19756913,0.412352
19782280,0.292760
19797212,0.466337
19808466,0.548508
19828669,0.529107
19834104,0.511959
19891385,0.514820
19898968,0.484232
19911013,0.540547
19925750,0.320109
19927246,0.512383
19940085,0.543107
20002401,0.592739
20320732,0.424444
20370009,0.521302
20444684,0.498394
20479813,0.623313
20485360,0.465113
20495784,0.482170
20563733,0.350431
20565828,0.511247
20597460,0.512208
20601355,0.509732
20631422,0.442409
20713061,0.415309
20733972,0.678737
20797433,0.535953
20800806,0.523513
20824022,0.397549
20834145,0.576960
20863953,0.688843
20912252,0.515100
20961223,0.520561
21056670,0.572260
21111098,0.547074
21157904,0.536175
21163774,0.333793
21173031,0.486767
21265109,0.546896
21282579,0.553011
21312077,0.571623
21324442,0.456662
21355783,0.360361
21367529,0.510372
21431618,0.284123
21457760,0.492692
21461944,0.683626
21524994,0.291581
21537009,0.287169
21600671,0.709941
21692297,0.712349
21725307,0.385916
21768283,0.568895
21786220,0.560293
21907474,0.450972
21946424,0.745330
21980851,0.480197
21982720,0.496324
22005666,0.438477
22053247,0.510833
22065051,0.455330
22084332,0.625154
22182810,0.765823
22228362,0.234204
22293499,0.591000
22313347,0.206203
22402879,0.461137
22489176,0.478050
22568938,0.468303
22591029,0.402838
22630531,0.709808
22728672,0.499057
22737278,0.556753
22831059,0.592540
22869375,0.746458
22903890,0.514703
22933975,0.559175
22952100,0.424071
23001277,0.498718
23139642,0.323742
23202279,0.556954
23239595,0.509089
23244977,0.517100
23410387,0.665604
23420032,0.493489
23442900,0.499128
23458577,0.415725
23566062,0.574162
23600262,0.568143
23680387,0.670076
23683237,0.371535
23721547,0.706452
23722338,0.574816
23724083,0.595458
23839068,0.530179
23908154,0.417996
23970102,0.328310
24004161,0.480166
24024964,0.485318
24048309,0.627798
24091175,0.320501
24173766,0.393500
24196431,0.528019
24321412,0.486250
24325228,0.506735
24382424,0.424050
24431892,0.307509
24462845,0.571169
24469207,0.438595
24546965,0.545668
24553611,0.439035
24619328,0.359609
24751102,0.448585
24754443,0.492271
24771990,0.378908
24773493,0.545971
24891056,0.522207
25062618,0.421991
25376782,0.721207
25422037,0.484918
25470277,0.468160
25523383,0.589683
25653022,0.696968
25700780,0.525131
25703657,0.635400
25837158,0.541573
25907345,0.521022
26073624,0.458685
26166038,0.673332
26186655,0.759493
26447622,0.492616
26448815,0.509059
26671291,0.533715
26838084,0.691103
26996910,0.516319
27044466,0.535739
27067245,0.321966
27109629,0.522449
27254400,0.521279
27311044,0.446867
27382597,0.303320
27392088,0.424400
27535392,0.446909
27754737,0.290608
28389123,0.439962
28390436,0.580892
28417752,0.490144
28421062,0.504078
28428796,0.420255
28583679,0.420246
28611932,0.465107
28708693,0.659896
28884165,0.450149
29461066,0.542116
29501253,0.558082
29810999,0.452526
29828407,0.350972
30020457,0.515054
30024076,0.454177
30229527,0.607583
30260471,0.524350
30453215,0.580833
30534986,0.411287
30687343,0.624229
30738693,0.490829
31146195,0.522143
31218079,0.475669
31237069,0.565177
31464192,0.477752
31524308,0.504802
31630823,0.476324
31970121,0.559663
32291954,0.751223
32370124,0.494060
32506723,0.437303
32522055,0.534416
32698651,0.490866
32901775,0.481442
33089758,0.509033
33276161,0.415881
33428464,0.223754
33581258,0.464797
33598182,0.516141
33650159,0.548963
33655490,0.493433
33962024,0.516731
33965228,0.572911
34340464,0.507391
34377792,0.359987
34574304,0.623814
34833836,0.521637
35567897,0.581951
35688200,0.359614
35728482,0.468551
35758363,0.581574
35766688,0.587032
35779221,0.444326
36532324,0.352771
36715157,0.486785
36848129,0.468061
36940614,0.635073
37031780,0.393704
37171200,0.455615
37925384,0.507759
38059716,0.468170
38356380,0.495742
38527519,0.501672
38542427,0.580237
38568814,0.656003
38992631,0.216053
39279821,0.360872
39604218,0.423372
39608768,0.375409
39871383,0.539996
40182386,0.541568
40271429,0.462669
40367637,0.514535
40602195,0.304914
40713594,0.588468
40910906,0.460391
40985398,0.486153
41016473,0.588974
41035664,0.467512
41043688,0.502715
41410702,0.277065
41614718,0.542875
41867187,0.522988
41911585,0.580904
42026991,0.480417
42084426,0.593105
42130355,0.549901
42222668,0.515601
42229538,0.487299
42244985,0.511874
42256596,0.530330
42295835,0.773782
42895967,0.419926
43216109,0.494089
43612335,0.529264
43933689,0.357359
44036125,0.352637
44431389,0.561544
44433231,0.569378
44495316,0.624453
44534427,0.378156
44638576,0.623804
44666093,0.518441
44970004,0.352425
45382058,0.507125
45438720,0.461987
45801800,0.539682
45943310,0.669722
46286327,0.503741
46315702,0.464485
46817943,0.630245
46909096,0.492661
47208642,0.536071
47360640,0.477871
47448886,0.656597
47609159,0.425110
47611798,0.608715
47738336,0.514675
47801895,0.378239
48103098,0.543432
48459553,0.390574
48462847,0.554837
48789206,0.404527
49031364,0.241257
49035017,0.457962
49140008,0.454793
49159617,0.230951
49349804,0.181016
49494776,0.590009
49729058,0.305865
49825358,0.582187
49910253,0.803875
49964679,0.330267
50073507,0.292815
50206233,0.499290
50427352,0.470939
50574380,0.615655
50678562,0.518044
51194212,0.542782
51244287,0.357305
51537566,0.397450
51798402,0.593671
52076995,0.419119
52237499,0.388215
52304376,0.712324
52482547,0.480193
52702957,0.479159
52718518,0.561753
52771152,0.594430
52897731,0.539694
53104326,0.543770
53309297,0.596792
53848598,0.522836
54081679,0.514070
54193002,0.492194
54602427,0.435177
54941938,0.257977
55310956,0.614867
55398550,0.528011
55643849,0.699860
55677432,0.583115
55684796,0.523924
56001656,0.714618
56452670,0.558860
56586281,0.492551
56586687,0.545027
56838529,0.633445
56867302,0.508872
57377201,0.502022
57389552,0.611482
57435654,0.447152
58074184,0.571560
58209656,0.376782
58542624,0.495304
58569513,0.542105
58915476,0.705943
59217500,0.293845
59917627,0.613325
59961072,0.532695
60140764,0.523670
61003613,0.404463
61028046,0.316295
61890677,0.570246
62132257,0.560198
62521603,0.498860
62950213,0.535814
63048772,0.487795
63073834,0.604702
63228779,0.280696
63818888,0.648061
64015215,0.559726
64405579,0.475389
64617552,0.592486
65272235,0.710263
65981979,0.351666
66336739,0.511417
66536279,0.495954
66618159,0.494553
67181051,0.750800
67576760,0.550903
67819141,0.709482
67973860,0.477681
69229697,0.357317
70162470,0.528975
70477603,0.460515
70515960,0.506188
72273570,0.484060
72325394,0.376386
72638139,0.500921
73170404,0.535851
73730139,0.435354
73829388,0.574092
74230885,0.541378
74517909,0.496714
74548068,0.502424
74662993,0.495371
75422403,0.781585
75893701,0.587879
76200159,0.615456
76221819,0.472431
76452765,0.508079
76540301,0.441128
76570908,0.451539
77050817,0.717650
77544463,0.467064
77875702,0.630228
79258361,0.567997
80290374,0.489344
80415454,0.481274
80624266,0.409962
81014765,0.290934
81089137,0.586552
82014214,0.663060
82167518,0.758117
82179637,0.551797
82419517,0.512394
82969624,0.552664
83283585,0.480249
83967276,0.603476
84126644,0.659295
84482355,0.401092
85041406,0.376670
85127375,0.686985
85794542,0.527771
86439208,0.556442
87030767,0.288779
87051556,0.512671
87278897,0.315248
88348765,0.407536
88551731,0.567316
88620317,0.476319
88791057,0.605758
88940350,0.514555
88957942,0.557881
89781370,0.581425
90647602,0.715851
91863101,0.489642
91882544,0.690842
92186819,0.610382
92431821,0.340856
92528463,0.535833
93029202,0.475746
93574095,0.489694
94125439,0.582702
94454080,0.496572
94551207,0.488278
95303730,0.410906
95595053,0.496004
95687767,0.492043
96043691,0.536338
96426017,0.646412
96824952,0.483840
97223142,0.497941
97575423,0.639195
97583689,0.570925
99386572,0.543376
100110769,0.566680
100402803,0.591327
100612482,0.499720
100673651,0.464383
100880543,0.708363
101626804,0.438655
101783862,0.643183
102116396,0.608734
102150935,0.320588
102192639,0.476379
102446768,0.367278
102773721,0.481555
103508045,0.300651
103706347,0.563689
103849564,0.489594
103893110,0.492358
104588893,0.435737
104727439,0.514373
104811393,0.497473
105764853,0.776227
106843663,0.460951
107290835,0.534175
107374598,0.484004
108196727,0.458450
109307442,0.505927
109756379,0.503744
110265621,0.559690
110375093,0.487698
110632424,0.479639
110911172,0.501126
111163086,0.534165
111345339,0.547556
111475826,0.524100
112255767,0.611852
112533514,0.510392
112576406,0.264748
113163844,0.572197
113346201,0.299161
113431424,0.442848
113476423,0.602673
113758100,0.506924
114007315,0.475196
114024610,0.476047
114548995,0.513442
114887629,0.229921
115119048,0.470131
115230067,0.573239
115979444,0.493844
116341480,0.229564
116830038,0.525346
116835497,0.263704
116845797,0.477732
117233982,0.544176
117529976,0.513354
118245138,0.273072
119074643,0.465741
119495864,0.752972
119571473,0.614393
120550648,0.334790
120835788,0.504582
121626258,0.488752
122167306,0.439306
122592298,0.500472
123035277,0.487089
123266709,0.515559
123327472,0.447162
123738314,0.461373
123879401,0.534867
124275780,0.458725
124567146,0.512265
124653833,0.603738
124763921,0.586502
125706625,0.469710
125931208,0.487654
126401831,0.438111
126628076,0.513969
126668055,0.356215
126778508,0.389272
126783082,0.441791
128733097,0.278477
129350395,0.517088
129679132,0.516924
130171234,0.545508
131262336,0.496863
132564528,0.516318
133801267,0.463268
133832049,0.601699
134249298,0.699214
134849548,0.488638
134924292,0.487071
135344405,0.710118
135620804,0.420856
137327982,0.452159
137525850,0.533650
138910709,0.435139
138977055,0.428934
139738464,0.193990
139853489,0.598171
140047339,0.510484
140564601,0.569590
140571506,0.498706
141311466,0.528998
141946686,0.341938
142075152,0.564304
142716668,0.496288
143159371,0.410575
145042229,0.582970
145518909,0.711407
145708791,0.486978
147128025,0.554199
147450056,0.565803
147712159,0.732264
148828676,0.564846
148846102,0.529674
149965942,0.439085
152204625,0.601185
152818187,0.475738
153198298,0.567771
154139987,0.472288
154621647,0.384305
155773979,0.591057
156045092,0.531845
156745023,0.515196
156831916,0.457496
157665372,0.584145
160219862,0.450035
160348847,0.463150
160724902,0.536656
161210880,0.511472
161487326,0.577002
161971127,0.483898
162473641,0.439921
162524508,0.488068
163180737,0.626065
163250093,0.555065
163939556,0.477037
164369297,0.595228
164447901,0.591713
166107508,0.506332
166272944,0.595544
166618587,0.556299
166633303,0.440011
166764102,0.457296
167024520,0.521983
167214012,0.536016
167898719,0.572512
168507420,0.558299
169018290,0.439529
169518455,0.494711
170547167,0.584597
170801530,0.263933
171213128,0.451373
171598736,0.583450
172962811,0.548779
173216568,0.489945
175075708,0.475689
176153330,0.497173
176659323,0.446811
176850599,0.477368
176909116,0.247426
176910659,0.471283
177169769,0.520905
177549638,0.572518
177583197,0.396063
177592870,0.446057
178836499,0.421483
179070296,0.526346
179732982,0.330567
179948811,0.457810
180633258,0.419446
180653053,0.553413
182446060,0.525753
184780576,0.263776
185277740,0.515794
185506471,0.547815
185903495,0.519074
186621181,0.472268
187253039,0.523761
187377716,0.478558
187658030,0.566463
188744528,0.346834
189408784,0.496910
190328374,0.539414
190537400,0.521726
191049947,0.722989
192028431,0.615055
192379122,0.514451
193069286,0.466197
193796574,0.711402
194222922,0.440103
195829353,0.714076
197095038,0.578071
197417201,0.278282
198488053,0.417499
199875709,0.447419
201008210,0.519627
202472938,0.571010
202480627,0.447051
209739174,0.311770
210002058,0.526325
211871567,0.262339
211932365,0.553702
212129844,0.504811
212634446,0.434929
212934500,0.562760
213761225,0.522333
215911580,0.256872
216419836,0.732380
216554380,0.656611
217145597,0.583896
218526734,0.406471
218975278,0.257863
218993683,0.409087
219867689,0.433689
220523088,0.543869
221162525,0.540223
221179155,0.561898
221637541,0.490519
221762308,0.425004
223554780,0.564174
224351666,0.526941
224391627,0.514172
225068510,0.593320
225970038,0.525393
226219881,0.510650
227083634,0.297921
227595374,0.502868
230450027,0.675388
231129000,0.658717
231558689,0.532765
231895094,0.395391
233761277,0.556224
233949261,0.418223
234224660,0.515919
234872414,0.545640
236511574,0.596412
236906055,0.571005
237131131,0.520933
237348797,0.557802
237820048,0.500090
238064439,0.444929
238206354,0.518348
238862918,0.367101
239964758,0.308542
240303484,0.597276
240431327,0.615766
240913462,0.437171
240984102,0.431761
241922493,0.445915
243624699,0.552218
243639047,0.310062
243666326,0.426912
244268646,0.510733
245237505,0.556305
245358984,0.666186
245412130,0.462139
246403554,0.696870
247196478,0.581860
247854534,0.477822
247890865,0.534416
247905865,0.484928
247981000,0.524797
248109607,0.465013
248286601,0.501929
248498819,0.738001
249379601,0.516390
249542934,0.551141
250912539,0.355228
251831537,0.505287
251986226,0.530706
252046831,0.518871
252989813,0.453683
253081186,0.490358
253110749,0.599241
254283743,0.489680
254640843,0.760939
254910150,0.466107
255557651,0.301478
256426166,0.441347
256765371,0.521144
257048770,0.574201
257145200,0.459552
257186608,0.534122
257251498,0.527458
257529281,0.380053
257774605,0.513681
257801856,0.501197
257912039,0.334320
258203630,0.515372
258335849,0.632624
258540965,0.601461
258900199,0.608242
260036406,0.248601
261060577,0.659647
261066642,0.440807
261309062,0.348066
261350404,0.562545
262341541,0.474290
262349987,0.444485
262396353,0.482874
263433749,0.255824
264377994,0.494987
265183253,0.539117
265512657,0.466075
265678117,0.484230
265685365,0.505276
266247126,0.652405
267021392,0.470602
267938462,0.572222
268757302,0.422040
270053769,0.494488
270425776,0.586671
271127232,0.492289
271208038,0.522074
271997092,0.570998
273028251,0.461816
273130714,0.521239
273177474,0.464161
273189570,0.735018
273280418,0.496992
273417461,0.571909
273448833,0.500185
274704311,0.492114
274746177,0.549088
274813393,0.519379
277227522,0.449094
277719684,0.512473
278163308,0.546813
279333899,0.561417
279692503,0.606564
279711316,0.461424
280721456,0.667207
281560271,0.410171
281909255,0.367476
282392522,0.448578
283110084,0.511573
283284818,0.417416
283499967,0.692197
284210345,0.269535
285744541,0.368785
286680865,0.635017
287407722,0.469820
288915151,0.371507
289145118,0.649651
289623381,0.378860
290011697,0.512775
291553031,0.441680
292699555,0.501592
293269370,0.357563
293465310,0.493740
293765638,0.538601
293816619,0.580185
294452239,0.601504
294991606,0.644764
295601582,0.372126
296946929,0.254208
298240756,0.376586
298718098,0.447854
298915258,0.507951
301799554,0.490769
302422512,0.425662
304222354,0.727481
305056580,0.584147
305216911,0.596339
305435798,0.555821
306614871,0.541086
306962931,0.702609
307897150,0.418782
308500560,0.771535
308861333,0.440015
309999584,0.271658
310199546,0.570311
310271883,0.616145
310586465,0.281330
311621168,0.549725
312797318,0.486377
312997895,0.441868
313008342,0.477260
313545488,0.452304
314797521,0.483399
314927206,0.498564
315244005,0.619613
315615420,0.537552
315657427,0.697278
316227968,0.508602
317808744,0.575032
318669118,0.490664
318681017,0.590508
320027703,0.354300
321589427,0.451382
321732170,0.561515
322134353,0.523842
322688820,0.365751
322868425,0.318348
323063606,0.476789
324828033,0.552021
326944732,0.494377
327526580,0.501721
329525509,0.725056
329899747,0.468443
330537050,0.487059
330718614,0.487758
331142058,0.711613
331376866,0.533125
331797450,0.491618
332638577,0.546274
332819736,0.478976
333615931,0.444723
333720818,0.447180
334069080,0.533035
334753435,0.302989
335033945,0.314879
335066641,0.506390
338701477,0.483367
340506013,0.522527
342460950,0.512997
342499618,0.466014
342893296,0.463236
343501683,0.499722
343653872,0.549687
344166129,0.534400
344464386,0.550361
345104604,0.502937
346043982,0.521691
347745538,0.548731
347971482,0.353457
348321777,0.444160
348819508,0.317019
349386919,0.636209
352547206,0.549981
353138804,0.539846
354197301,0.474270
354771693,0.538325
357461232,0.284107
357810318,0.471977
357936154,0.300677
358305500,0.436651
358421123,0.236194
359019937,0.537300
359119320,0.410721
359652362,0.521693
363247022,0.679196
363437423,0.410957
364514085,0.534341
364916934,0.427079
364968370,0.417767
366008526,0.385053
366939898,0.525136
367308660,0.579090
368204729,0.518768
370216378,0.620948
371726146,0.514151
372082694,0.523376
372892570,0.482329
373656619,0.473225
373758798,0.649373
374331041,0.246437
375374016,0.550463
376542499,0.341814
377188795,0.234903
377683003,0.482114
378181419,0.534417
380608558,0.379642
381144077,0.545479
381515832,0.495140
383906575,0.435001
385088319,0.499199
385521710,0.607971
385841800,0.480795
386553462,0.467917
386640525,0.439327
387528139,0.550980
387862476,0.596706
388540227,0.540852
388585144,0.462448
388666653,0.633201
388777195,0.453124
389236289,0.242443
389744436,0.512539
390477696,0.541266
390526317,0.525995
396158429,0.248090
396904079,0.466183
398045016,0.497342
398284768,0.524639
399617039,0.378996
400691253,0.500077
401859102,0.650079
402329017,0.539957
402434614,0.464756
405652616,0.543593
407805674,0.398571
407880875,0.300252
408168342,0.302928
408220808,0.540413
413362813,0.576128
413395567,0.597078
414191125,0.517026
414257018,0.629543
416305947,0.449783
418308596,0.501125
419161713,0.521037
421573665,0.562617
421863694,0.480915
424446981,0.425864
426251923,0.517258
427654338,0.642747
427847925,0.395610
428176844,0.475418
428741825,0.439373
428880240,0.266435
429543135,0.535794
430924698,0.640293
432973716,0.307446
435336487,0.478413
437190314,0.470701
438449199,0.333192
439434273,0.502129
440201085,0.411641
444361536,0.594817
444374745,0.519578
445317667,0.475505
446332475,0.513856
448792429,0.566102
456916306,0.482389
459846845,0.537464
463414347,0.442476
463422324,0.570496
464790606,0.527691
466920813,0.716140
469885689,0.390508
469921287,0.799014
470420282,0.502302
471306651,0.299568
471617923,0.601042
472145673,0.464766
472515859,0.689692
472522579,0.364957
473469102,0.502505
473524536,0.535047
473782936,0.519542
475274619,0.486674
475404591,0.310473
476512333,0.536477
478070780,0.628140
478309668,0.473999
479953114,0.471315
480655666,0.596853
480786828,0.557251
480804118,0.620606
480928357,0.658801
481430749,0.572509
483078503,0.415071
487840423,0.428799
488724506,0.517243
489720219,0.193337
491472275,0.476347
493015263,0.528271
494550045,0.441310
495447462,0.457945
496293711,0.532016
498563302,0.534304
500058151,0.482136
501322226,0.498859
503662020,0.545656
507415283,0.458356
509473454,0.459369
513778623,0.490790
514718176,0.570698
517840915,0.451261
517907432,0.562452
518027987,0.424088
519017852,0.461226
519505793,0.471327
520011678,0.464380
520697434,0.548598
523629500,0.499716
524649683,0.457763
524916657,0.551195
526977284,0.414855
533278348,0.416924
533713424,0.687178
534638680,0.253672
534745180,0.347624
535400371,0.349821
536781820,0.552353
538547125,0.398673
539492347,0.328851
540316720,0.681627
540351762,0.297765
540815308,0.515678
542230961,0.592909
543780273,0.793879
543899246,0.514986
544751564,0.556720
546964954,0.396540
547630729,0.509434
549596819,0.536697
549824334,0.557149
550272650,0.537611
555579293,0.576158
557465085,0.327135
562390825,0.537280
562517854,0.737836
562981626,0.640489
563387452,0.238905
564091125,0.432773
564273480,0.388469
564813651,0.439687
565042773,0.475077
565469671,0.692909
568695530,0.800447
570437806,0.496288
571483825,0.462685
571964470,0.471979
575504644,0.758663
576012298,0.453154
579377606,0.525704
579491814,0.625030
583390972,0.521904
586125611,0.496998
586132952,0.417179
586319054,0.432526
589754331,0.533780
590294390,0.548778
591584517,0.478982
592348961,0.428621
593175315,0.570206
593667852,0.480527
594156339,0.431288
594368622,0.349800
595713196,0.472110
596869617,0.558897
598348855,0.536589
600470774,0.526229
601290874,0.365499
601979135,0.502892
606726493,0.694184
606735694,0.647802
606981387,0.517802
611358661,0.492437
611403956,0.515164
617318310,0.494073
619362392,0.502165
625177508,0.514899
625955310,0.477400
626006840,0.430208
626331458,0.529870
627212847,0.619701
630030255,0.228743
633426347,0.473535
634904655,0.438836
701392680,0.589770
703599787,0.416670
724816394,0.570027
727242919,0.499762
730587960,0.455379
731965982,0.471773
733028388,0.573081
741492187,0.624690
747697374,0.527309
748310160,0.489964
749598222,0.333128
751011565,0.460033
754129262,0.470723
757345172,0.480043
758636750,0.523967
764423749,0.466307
768415572,0.568161
779495720,0.445730
780786054,0.710184
783142584,0.473243
789205164,0.501161
790055636,0.523637
798762666,0.582246
804734372,0.601750
805307714,0.500890
805333129,0.485664
809108984,0.538546
811624796,0.743449
816614216,0.596032
818551056,0.496525
820068792,0.568682
822540241,0.525611
822568802,0.448144
829859839,0.494314
830829828,0.443717
838265496,0.540889
838557542,0.469865
840528662,0.665508
842475074,0.597926
845139168,0.593633
849162614,0.403719
853748822,0.477552
860160420,0.539623
869207839,0.437386
873546254,0.492373
876656678,0.398160
879506286,0.527953
885659928,0.522781
887203226,0.515385
889115678,0.488345
896342461,0.458667
898952310,0.523047
900035040,0.539778
901209434,0.540994
903105691,0.550882
904396772,0.565359
905282768,0.571536
912634680,0.521647
915924998,0.533459
917749700,0.378767
918009306,0.615847
922427654,0.557751
923985200,0.352244
925795734,0.699270
930506466,0.595742
931594219,0.606311
931892910,0.594163
932585497,0.476602
936040214,0.609784
939015420,0.459358
942156122,0.558777
942868836,0.450162
948471642,0.543393
948620310,0.664297
952334024,0.530593
963145339,0.626088
963275773,0.492416
965133673,0.429440
966638065,0.414348
967423477,0.525558
970818296,0.516803
979818301,0.548968
993483668,0.482732
993962845,0.408746
996067051,0.467430
1003130904,0.721691
1009864844,0.374761
1010979907,0.632218
1017808566,0.489680
1018620445,0.539650
1024827330,0.491257
1024999375,0.532580
1025313223,0.484244
1031872406,0.495963
1046175163,0.539439
1051333165,0.543100
1057566710,0.584187
1068545598,0.388100
1069353853,0.586208
1071841692,0.471728
1072520654,0.599313
1081819903,0.514438
1098402872,0.492596
1104346478,0.463938
1115336587,0.426991
1123212380,0.691551
1134387428,0.548074
1143368334,0.432640
1146533180,0.550039
1155273433,0.475900
1164373388,0.533597
1166969684,0.548946
1176527791,0.501646
1188132697,0.384829
1190604492,0.540359
1193686536,0.398482
1199397170,0.498485
1216086978,0.535989
1216795250,0.533375
1242653575,0.385713
1247418349,0.717144
1249892281,0.421736
1250538404,0.220341
1251052585,0.408735
1251872904,0.487574
1258209258,0.474986
1265169745,0.307685
1268625612,0.479172
1270837801,0.585966
1271691679,0.624156
1287439165,0.545296
1289674926,0.570057
1297729854,0.714662
1311764197,0.407224
1313339132,0.360021
1319295614,0.566117
1328464994,0.556633
1334785333,0.476635
1334852306,0.647414
1338330434,0.470442
1340365914,0.486509
1353324606,0.513418
1354732754,0.474029
1355828240,0.585008
1360631528,0.615284
1370926345,0.483992
1375306027,0.535485
1377573355,0.515892
1380718279,0.641329
1380808520,0.548418
1387885346,0.488691
1403202007,0.540688
1406691746,0.509539
1407972582,0.228697
1414117614,0.526907
1417040330,0.621916
1418887076,0.606449
1421631721,0.670449
1421998471,0.510230
1428047612,0.551359
1435509080,0.455107
1450526228,0.431729
1456761750,0.531745
1458563664,0.516346
1460760210,0.597842
1469822852,0.284809
1470960901,0.477819
1478211248,0.557929
1480505023,0.447804
1483880702,0.528699
1488897421,0.324809
1495088653,0.549672
1499145156,0.178780
1506845246,0.535826
1510817994,0.657463
1512191946,0.500073
1516193521,0.632524
1525578882,0.544051
1536791610,0.587913
1548227732,0.519704
1549686492,0.274632
1551868069,0.513781
1559350598,0.483494
1571714280,0.478101
1590693098,0.495490
1592078822,0.583058
1592635465,0.574289
1600195111,0.505846
1601889872,0.521169
1610741862,0.618069
1614251834,0.713356
1629339452,0.512530
1645478802,0.456697
1645759142,0.730815
1646771184,0.367576
1647061712,0.520594
1654488295,0.556148
1660314608,0.583065
1681857542,0.544245
1692555433,0.358974
1692609740,0.446134
1697300972,0.783589
1702560355,0.490570
1707682164,0.552732
1723952785,0.725370
1725346819,0.578723
1854917430,0.464545
1858270231,0.523809
1858415868,0.586544
1861412166,0.450398
1869036517,0.329914
1881112440,0.601122
1884904412,0.458456
1892830382,0.555509
1899432967,0.341287
1900539194,0.576257
1901990995,0.503293
1909557109,0.270967
1912576375,0.471540
1927205629,0.509019
1954451161,0.733329
1957716374,0.492671
1963094388,0.493785
1963712388,0.334456
1966845822,0.516273
1967614440,0.543771
1975823378,0.547058
2148580382,0.467135
2150350748,0.570960
2153710723,0.572340
2154273384,0.547063
2159855251,0.513948
2178009186,0.390832
2191061814,0.559327
2198704819,0.483158
2203894490,0.413417
2208173625,0.348254
2216018301,0.524026
2225785909,0.508283
2233452180,0.431651
2233635295,0.670081
2233646658,0.499753
2244682254,0.289020
2246240480,0.542316
2247466446,0.564429
2248799216,0.492990
2257976822,0.743042
2270543852,0.243890
2275605806,0.575785
2278767387,0.559904
2279949104,0.338271
2279996258,0.767980
2280884857,0.567278
2280933884,0.256337
2288286854,0.651640
2292547999,0.479054
2298671550,0.627283
2300073361,0.613728
2300514811,0.555363
2308265716,0.773471
2311099634,0.511175
2312595268,0.612715
2314440847,0.588272
2316366210,0.586268
2332065509,0.527266
2333040390,0.341137
2341044722,0.258842
2348922644,0.606342
2352599250,0.568775
2356348507,0.421258
2356549188,0.509291
2362104414,0.730571
2369153479,0.497947
2372368079,0.520329
2376582930,0.524872
2377691090,0.637156
2380699792,0.523607
2386034021,0.444651
2387111383,0.511312
2402059454,0.695489
2417826549,0.491824
2424639619,0.702451
2424707233,0.766068
2438013757,0.513433
2438762940,0.457489
2449913803,0.256401
2459129959,0.437803
2460450793,0.610592
2461452080,0.324669
2462808887,0.282890
2473261232,0.502682
2476036543,0.503967
2482628143,0.462062
2485901304,0.714629
2491964094,0.680505
2502348015,0.455100
2507906130,0.527953
2511302792,0.714398
2522001204,0.676347
2534195028,0.322090
2536177892,0.500135
2556725362,0.478999
2558033729,0.546899
2561564432,0.445377
2564285390,0.520359
2564440225,0.325962
2571925363,0.383774
2574739866,0.568439
2576136230,0.534315
2579109732,0.430206
2582736318,0.302548
2607995856,0.429462
2651844968,0.339307
2655537530,0.468981
2657622183,0.461939
2667881743,0.582793
2672422810,0.568484
2685519077,0.606071
2690777048,0.546290
2695656084,0.470144
2705075796,0.760064
2706201270,0.453305
2713877234,0.554319
2714551200,0.277769
2718347636,0.279836
2728581335,0.611853
2730584163,0.585863
2733006195,0.187031
2736300903,0.482939
2738717014,0.422908
2743762147,0.556292
2783144541,0.540964
2792156032,0.236032
2792747342,0.345150
2802077124,0.654030
2802332676,0.468514
2802646946,0.271177
2808067079,0.580583
2809669704,0.500407
2812424461,0.515923
2818204127,0.608616
2823788486,0.522579
2829300438,0.456998
2863728977,0.482115
2865560724,0.453391
2868258183,0.470860
2869068720,0.484016
2875174331,0.496817
2877118643,0.518582
2878075066,0.191141
2891474527,0.413371
2896326927,0.469821
2897022418,0.560662
2927834407,0.557233
2936790183,0.694314
2941152252,0.728254
2942226411,0.529484
2943056070,0.486750
2946034450,0.541419
2949261587,0.636760
2951005084,0.422108
2951733495,0.474059
2951975306,0.729756
2957931503,0.590419
2964197287,0.470165
2984587975,0.497066
2984750201,0.534664
2988647262,0.500088
2990718884,0.576539
2993222656,0.470214
2997047631,0.745118
3000174200,0.495104
3010503427,0.643433
3015956192,0.506604
3051944620,0.513393
3081420210,0.692042
3091890379,0.377517
3093158331,0.569686
3098400900,0.526071
3102653770,0.268690
3104990163,0.418113
3105380327,0.208447
3111145354,0.373893
3113088297,0.550672
3130914869,0.723599
3139186004,0.377015
3140643874,0.441199
3151882915,0.494101
3154508072,0.288851
3167335095,0.762054
3171738157,0.785005
3171896913,0.720344
3180033518,0.442899
3188733363,0.503551
3189078523,0.781415
3192012592,0.336980
3192392581,0.777105
3195330108,0.765893
3199302520,0.319249
3224644603,0.522518
3224770387,0.728172
3227730607,0.756013
3228880990,0.691854
3229153556,0.645971
3231868097,0.787713
3232102722,0.756287
3235955615,0.277616
3242279563,0.273856
3242841195,0.693410
3249374986,0.626647
3250894425,0.665998
3254912324,0.726589
3258001632,0.735851
3259494140,0.344970
3270321498,0.654925
3272381252,0.472381
3275533321,0.758209
3277433070,0.207820
3279196610,0.499731
3284112337,0.215408
3284189839,0.201494
3287312391,0.806166
3293501861,0.761929
3294955041,0.801054
3297832559,0.564855
3299786253,0.723751
3299860077,0.708052
3300064481,0.694237
3301127227,0.785903
3301553572,0.742085
3302915034,0.789567
3306201620,0.414713
3309422527,0.298467
3310028162,0.752677
3310526178,0.188997
3310696012,0.790981
3310874893,0.267532
3311869442,0.805019
3312973854,0.743065
3315269498,0.732609
3315399386,0.776331
3315520855,0.417392
3316267142,0.766824
3319052612,0.347625
3325576474,0.512373
3329825789,0.485430
3329931629,0.752633
3330052767,0.743428
3331481614,0.491316
3332640269,0.484336
3339874060,0.799931
3351730228,0.598820
3352466116,0.541630
3352803292,0.764756
3353727100,0.530108
3354545907,0.288211
3368690836,0.670753
3370353071,0.437609
3386031940,0.297291
3388321263,0.771691
3389880671,0.209288
3394204695,0.628308
3394554133,0.777475
3394924354,0.259231
3397533639,0.288520
3400867311,0.345500
3403451547,0.263635
3407395714,0.316018
3409706945,0.332600
3410432950,0.305222
3410807495,0.761916
3411839685,0.723353
3412562963,0.816877
3413738387,0.804174
3418466404,0.568630
3419873583,0.383107
3422267541,0.747389
3422789174,0.394889
3424299539,0.519214
3424368129,0.443753
3429057861,0.746665
3430678311,0.472135
3432209199,0.756247
3433390213,0.768940
3434356745,0.764621
3449523733,0.505064
3450964103,0.541632
3452894301,0.422876
3483102436,0.305644
3486342376,0.622199
3498857657,0.323587
3515547857,0.454823
3539836095,0.544615
3540580215,0.646595
3573336134,0.664674
3579096975,0.503380
3587553312,0.467571
3588504253,0.538669
3631648093,0.533884
3666144674,0.298067
3691999935,0.412324
3707208615,0.526311
3743861356,0.269845
3750639374,0.220238
3772927092,0.778051
3786822133,0.386142
3795603381,0.766675
3805800674,0.409184
3816965963,0.510272
3846176453,0.584468
3848656575,0.792686
3864868815,0.461248
3872826447,0.321480
3882727697,0.582652
3885414492,0.761842
3892233005,0.517916
3893162519,0.544291
3913470017,0.485367
3917008632,0.398663
3946365557,0.671731
3970979594,0.394543
3998221213,0.484832
4003730774,0.370858
4014574593,0.376419
4049098757,0.348675
4061885906,0.770499
4063127891,0.505326
4070524766,0.432127
4091481669,0.333465
4094704180,0.460001
4112223267,0.273960
4113864453,0.295576
4139467932,0.415491
4149644187,0.410447
4159694920,0.257968
4164429193,0.634955
4169286705,0.372117
4176516076,0.645366
4197996737,0.477335
4204474265,0.577170
4218913349,0.519144
4265934436,0.444140
4302290188,0.610247
4306599138,0.421479
4307235683,0.510430
4317051854,0.745191
4332046835,0.344405
4347747935,0.536645
4353841283,0.771567
4433841208,0.220609
4434221542,0.743047
4434223398,0.526996
4434954554,0.339384
4488800302,0.544245
4490213472,0.445114
4522269616,0.616855
4539913215,0.183842
4558048156,0.514044
4581287603,0.611105
4597457008,0.398094
4606770373,0.726356
4612779200,0.790886
4618300349,0.417310
4634118211,0.334784
4635514699,0.504881
4644102737,0.553637
4646585837,0.411752
4650885269,0.615992
4656078680,0.515252
4679578027,0.762463
4696552878,0.610933
4706270920,0.211127
4708373603,0.642945
4716070998,0.361522
4729789692,0.205430
4738383390,0.751228
4751746148,0.540264
4796927255,0.718986
4809119178,0.509992
4823066891,0.420428
4829344809,0.556860
4834734315,0.518249
4835749726,0.287223
4847815478,0.695705
4855383726,0.473547
4856899380,0.471594
4859985830,0.504829
4882094038,0.561681
4884966191,0.330514
4889333114,0.300520
696533957651763200,0.604091
698513665687818240,0.462302
701423921157943297,0.392085
300538516,1.000000
4903974179,1.000000
1700717659,1.000000
164584108,1.000000
442306827,1.000000
24399531,1.000000
39258707,1.000000
472510240,1.000000
185189538,1.000000
67130089,1.000000
304696956,1.000000
2226289219,1.000000
327750233,1.000000
568608987,1.000000
2181006680,1.000000
314167169,1.000000
2978122428,1.000000
355720996,1.000000
993924499,1.000000
3706900213,1.000000
2931948320,1.000000
2716352475,1.000000
215475968,1.000000
2889206220,1.000000
184637477,1.000000
4719313943,1.000000
284861750,1.000000
300698799,1.000000
