uid,cat
18613,0.496368
34713,0.496331
640893,0.397912
658253,0.433462
698663,0.546534
819953,0.497528
1015991,0.496834
1049171,0.547291
2232041,0.499070
2317921,0.501922
4119741,0.470843
5357812,0.519545
5410962,0.494045
5730192,0.497141
5815162,0.505402
5990782,0.534071
6059462,0.498054
7039122,0.520835
7356562,0.529388
7457112,0.494846
7569062,0.422105
7871622,0.533731
8161712,0.503571
8434292,0.514153
8921662,0.547259
8953122,0.570939
9468372,0.499907
10688432,0.510064
10791692,0.513272
11217112,0.510582
11471902,0.571113
11699992,0.509406
11783502,0.513577
11866582,0.447233
12144232,0.496777
12154642,0.412885
12199912,0.508068
12374262,0.512462
12897112,0.518914
13524182,0.491597
13612452,0.511442
13651772,0.536064
14149825,0.509785
14154145,0.495402
14179097,0.512770
14180091,0.519836
14193053,0.470344
14246765,0.547746
14312952,0.503604
14345238,0.509372
14420319,0.514724
14422439,0.506175
14466538,0.459355
14529929,0.457860
14558556,0.525496
14591053,0.502580
14607035,0.455453
14640856,0.549775
14652207,0.486656
14653515,0.524949
14815439,0.524762
14841990,0.499598
14844867,0.395107
14869615,0.490103
14876672,0.543303
14904437,0.509383
14975341,0.489354
14975777,0.515405
14991129,0.526929
14997156,0.607505
15027086,0.470268
15030319,0.481419
15097698,0.476798
15141153,0.540600
15150904,0.496970
15248019,0.504420
15290909,0.500501
15335534,0.460938
15350114,0.510653
15355596,0.508298
15361224,0.574426
15368831,0.501725
15416505,0.508216
15467700,0.526797
15471305,0.583469
15519984,0.499295
15528275,0.510113
15564737,0.511110
15588500,0.567473
15592409,0.581358
15644361,0.577153
15659876,0.506256
15691217,0.496489
15698424,0.507915
15738163,0.506595
15801623,0.448161
15824288,0.533546
15837659,0.513313
15865178,0.536317
15880231,0.524864
15932201,0.503979
15939889,0.535879
15949499,0.514530
15954997,0.517293
15966651,0.515749
16092470,0.510428
16143547,0.519822
16187637,0.494266
16246524,0.517844
16265835,0.498280
16317406,0.516886
16340501,0.487673
16384077,0.435497
16397938,0.517979
16430180,0.541099
16442379,0.523134
16442769,0.488052
16447203,0.493482
16490790,0.466276
16504279,0.494040
16516557,0.502814
16563441,0.453863
16565279,0.527848
16571326,0.484980
16583468,0.527862
16620338,0.504272
16670356,0.514027
16673480,0.522260
16714630,0.523424
16829641,0.566327
16882190,0.525284
16955832,0.463152
16970757,0.513337
16984426,0.488242
17029260,0.500944
17079233,0.519358
17099702,0.556995
17125184,0.512066
17147415,0.555959
17177380,0.522984
17189640,0.534916
17238812,0.509409
17259137,0.570726
17291452,0.489963
17454769,0.433789
17466186,0.433833
17628113,0.460305
17665196,0.517808
17674136,0.509173
17763819,0.491566
17824265,0.493899
17842545,0.516449
17850012,0.403590
17871151,0.503733
17896154,0.517963
17905825,0.517125
17914526,0.442241
17968106,0.498294
17995040,0.459684
18018946,0.515774
18061669,0.509136
18149379,0.501799
18217624,0.511403
18259073,0.561119
18319387,0.549285
18401584,0.503350
18416448,0.498630
18464266,0.579520
18496709,0.476079
18525137,0.507674
18545087,0.482100
18618463,0.436278
18757212,0.526305
18768324,0.403505
18772897,0.386872
18810140,0.546975
18842500,0.551516
18873014,0.513911
18876259,0.526389
18891923,0.512748
18907463,0.524931
18913730,0.500920
18978553,0.471170
18986746,0.389623
19041801,0.533497
19042148,0.511265
19214688,0.448582
19273332,0.421809
19341224,0.496298
19360277,0.438775
19372353,0.520304
19407835,0.511867
19459174,0.513137
19511892,0.505060
19515741,0.497857
19550464,0.437319
19552358,0.521994
19554219,0.459777
19558678,0.546619
19616327,0.488557
19632767,0.500320
19682929,0.542669
19697415,0.451104
19705861,0.503366
19739126,0.512040
19756913,0.478165
19782280,0.437672
19797212,0.494165
19808466,0.516119
19828669,0.513632
19834104,0.513649
19891385,0.507791
19898968,0.508952
19911013,0.513317
19925750,0.459122
19927246,0.509115
19940085,0.520420
20002401,0.523110
20320732,0.494643
20370009,0.511478
20444684,0.509435
20479813,0.546367
20485360,0.502888
20495784,0.506469
20563733,0.455500
20565828,0.499278
20597460,0.511923
20601355,0.505455
20631422,0.493719
20713061,0.488233
20733972,0.551231
20797433,0.515527
20800806,0.516909
20824022,0.479596
20834145,0.526902
20863953,0.557643
20912252,0.512116
20961223,0.498709
21056670,0.518488
21111098,0.517359
21157904,0.514787
21163774,0.451807
21173031,0.503813
21265109,0.518474
21282579,0.513917
21312077,0.522290
21324442,0.487144
21355783,0.481337
21367529,0.514478
21431618,0.433331
21457760,0.506407
21461944,0.555218
21524994,0.439799
21537009,0.424290
21600671,0.567824
21692297,0.580369
21725307,0.475225
21768283,0.520426
21786220,0.521780
21907474,0.484353
21946424,0.573502
21980851,0.507474
21982720,0.506598
22005666,0.479920
22053247,0.505234
22065051,0.499672
22084332,0.535083
22182810,0.593897
22228362,0.409159
22293499,0.530256
22313347,0.390095
22402879,0.502397
22489176,0.500027
22568938,0.499690
22591029,0.491005
22630531,0.577487
22728672,0.508440
22737278,0.520108
22831059,0.524653
22869375,0.577767
22903890,0.510937
22933975,0.517758
22952100,0.494860
23001277,0.497697
23139642,0.450653
23202279,0.519036
23239595,0.509968
23244977,0.511804
23410387,0.553775
23420032,0.510131
23442900,0.507912
23458577,0.492716
23566062,0.519642
23600262,0.521018
23680387,0.549250
23683237,0.470815
23721547,0.572110
23722338,0.524922
23724083,0.529577
23839068,0.521174
23908154,0.469881
23970102,0.452894
24004161,0.506400
24024964,0.501968
24048309,0.534974
24091175,0.432584
24173766,0.489004
24196431,0.514498
24321412,0.501035
24325228,0.506327
24382424,0.489488
24431892,0.441772
24462845,0.528916
24469207,0.501076
24546965,0.521843
24553611,0.498962
24619328,0.460948
24751102,0.490358
24754443,0.497896
24771990,0.477068
24773493,0.516855
24891056,0.512572
25062618,0.492645
25376782,0.574968
25422037,0.502380
25470277,0.502280
25523383,0.525519
25653022,0.577153
25700780,0.514036
25703657,0.536610
25837158,0.520781
25907345,0.503371
26073624,0.497815
26166038,0.567218
26186655,0.597094
26447622,0.507468
26448815,0.508138
26671291,0.508574
26838084,0.563435
26996910,0.510642
27044466,0.515210
27067245,0.443409
27109629,0.511047
27254400,0.506615
27311044,0.497453
27382597,0.442477
27392088,0.479918
27535392,0.492904
27754737,0.425444
28389123,0.497012
28390436,0.526137
28417752,0.508428
28421062,0.511342
28428796,0.494345
28583679,0.486615
28611932,0.500884
28708693,0.537948
28884165,0.497611
29461066,0.522238
29501253,0.519731
29810999,0.501230
29828407,0.453276
30020457,0.511603
30024076,0.501831
30229527,0.539535
30260471,0.511745
30453215,0.521987
30534986,0.471925
30687343,0.539924
30738693,0.506825
31146195,0.513682
31218079,0.499911
31237069,0.520477
31464192,0.487824
31524308,0.507651
31630823,0.503305
31970121,0.521355
32291954,0.580185
32370124,0.501862
32506723,0.494418
32522055,0.509383
32698651,0.496438
32901775,0.496402
33089758,0.508208
33276161,0.483359
33428464,0.398188
33581258,0.502861
33598182,0.511129
33650159,0.512751
33655490,0.507817
33962024,0.510123
33965228,0.526688
34340464,0.512043
34377792,0.460211
34574304,0.541073
34833836,0.505989
35567897,0.523914
35688200,0.460087
35728482,0.499282
35758363,0.523161
35766688,0.520286
35779221,0.473482
36532324,0.473158
36715157,0.506002
36848129,0.499814
36940614,0.547324
37031780,0.486432
37171200,0.491734
37925384,0.504989
38059716,0.503863
38356380,0.507317
38527519,0.508545
38542427,0.534011
38568814,0.531911
38992631,0.405732
39279821,0.457536
39604218,0.488720
39608768,0.452897
39871383,0.516179
40182386,0.515722
40271429,0.486017
40367637,0.504167
40602195,0.453777
40713594,0.528467
40910906,0.501084
40985398,0.505532
41016473,0.524861
41035664,0.502843
41043688,0.505491
41410702,0.426598
41614718,0.515735
41867187,0.511809
41911585,0.519819
42026991,0.504854
42084426,0.529324
42130355,0.516302
42222668,0.503008
42229538,0.508936
42244985,0.507583
42256596,0.509521
42295835,0.598702
42895967,0.483937
43216109,0.507975
43612335,0.511569
43933689,0.464212
44036125,0.471795
44431389,0.517362
44433231,0.518453
44495316,0.546382
44534427,0.470939
44638576,0.542389
44666093,0.507140
44970004,0.453552
45382058,0.501045
45438720,0.498133
45801800,0.513437
45943310,0.562667
46286327,0.507800
46315702,0.499611
46817943,0.544146
46909096,0.502453
47208642,0.517151
47360640,0.500685
47448886,0.551437
47609159,0.490364
47611798,0.536152
47738336,0.512683
47801895,0.480106
48103098,0.515486
48459553,0.456353
48462847,0.519929
48789206,0.475550
49031364,0.409672
49035017,0.484346
49140008,0.504461
49159617,0.404724
49349804,0.386309
49494776,0.539006
49729058,0.439127
49825358,0.519761
49910253,0.621383
49964679,0.446220
50073507,0.434439
50206233,0.502644
50427352,0.492223
50574380,0.542584
50678562,0.511742
51194212,0.517152
51244287,0.460975
51537566,0.490292
51798402,0.530638
52076995,0.495750
52237499,0.453605
52304376,0.578179
52482547,0.491206
52702957,0.489651
52718518,0.520789
52771152,0.535382
52897731,0.512481
53104326,0.516986
53309297,0.527321
53848598,0.513177
54081679,0.514404
54193002,0.500574
54602427,0.498901
54941938,0.432983
55310956,0.528770
55398550,0.510518
55643849,0.561196
55677432,0.523800
55684796,0.507514
56001656,0.565882
56452670,0.516366
56586281,0.502389
56586687,0.515302
56838529,0.545002
56867302,0.504958
57377201,0.511447
57389552,0.534239
57435654,0.501276
58074184,0.528175
58209656,0.465507
58542624,0.507527
58569513,0.510789
58915476,0.571115
59217500,0.432452
59917627,0.518932
59961072,0.518854
60140764,0.511333
61003613,0.489553
61028046,0.442688
61890677,0.519585
62132257,0.516455
62521603,0.505589
62950213,0.519691
63048772,0.505421
63073834,0.526835
63228779,0.430669
63818888,0.551085
64015215,0.521350
64405579,0.500275
64617552,0.542620
65272235,0.578024
65981979,0.464051
66336739,0.508106
66536279,0.512156
66618159,0.508049
67181051,0.586348
67576760,0.518545
67819141,0.576012
67973860,0.503721
69229697,0.469562
70162470,0.514950
70477603,0.492860
70515960,0.507595
72273570,0.506561
72325394,0.452594
72638139,0.504972
73170404,0.516525
73730139,0.484125
73829388,0.521363
74230885,0.511067
74517909,0.507926
74548068,0.506485
74662993,0.510964
75422403,0.611197
75893701,0.524728
76200159,0.539268
76221819,0.494484
76452765,0.510500
76540301,0.489336
76570908,0.502031
77050817,0.566990
77544463,0.499514
77875702,0.537924
79258361,0.519363
80290374,0.505046
80415454,0.499855
80624266,0.478635
81014765,0.438476
81089137,0.523320
82014214,0.567503
82167518,0.592672
82179637,0.512037
82419517,0.514525
82969624,0.513937
83283585,0.503386
83967276,0.537374
84126644,0.553321
84482355,0.487736
85041406,0.461057
85127375,0.550610
85794542,0.511982
86439208,0.519850
87030767,0.430755
87051556,0.509772
87278897,0.448715
88348765,0.478182
88551731,0.516361
88620317,0.503587
88791057,0.534014
88940350,0.512276
88957942,0.523628
89781370,0.525563
90647602,0.573344
91863101,0.506243
91882544,0.554740
92186819,0.528212
92431821,0.457620
92528463,0.513733
93029202,0.503521
93574095,0.505355
94125439,0.523984
94454080,0.507237
94551207,0.507691
95303730,0.496518
95595053,0.508637
95687767,0.507784
96043691,0.511826
96426017,0.542408
96824952,0.500280
97223142,0.507199
97575423,0.543391
97583689,0.523280
99386572,0.515906
100110769,0.522939
100402803,0.525192
100612482,0.508823
100673651,0.500393
100880543,0.570653
101626804,0.483693
101783862,0.537240
102116396,0.542556
102150935,0.446058
102192639,0.503054
102446768,0.463091
102773721,0.505390
103508045,0.448180
103706347,0.520687
103849564,0.509103
103893110,0.511364
104588893,0.493703
104727439,0.495037
104811393,0.507557
105764853,0.584787
106843663,0.495625
107290835,0.514189
107374598,0.509249
108196727,0.496985
109307442,0.509211
109756379,0.509830
110265621,0.518585
110375093,0.508481
110632424,0.503710
110911172,0.506970
111163086,0.513515
111345339,0.511015
111475826,0.521276
112255767,0.541316
112533514,0.505678
112576406,0.417890
113163844,0.527463
113346201,0.433932
113431424,0.494371
113476423,0.525489
113758100,0.511515
114007315,0.500887
114024610,0.502643
114548995,0.510593
114887629,0.414702
115119048,0.504843
115230067,0.521810
115979444,0.493459
116341480,0.409657
116830038,0.517007
116835497,0.412365
116845797,0.503877
117233982,0.526080
117529976,0.514020
118245138,0.425795
119074643,0.504570
119495864,0.591178
119571473,0.533466
120550648,0.450874
120835788,0.510684
121626258,0.505708
122167306,0.501347
122592298,0.504538
123035277,0.502931
123266709,0.509418
123327472,0.473785
123738314,0.497459
123879401,0.517026
124275780,0.481870
124567146,0.511394
124653833,0.531524
124763921,0.524743
125706625,0.489188
125931208,0.507717
126401831,0.487108
126628076,0.513741
126668055,0.465195
126778508,0.477601
126783082,0.481423
128733097,0.431545
129350395,0.511901
129679132,0.507404
130171234,0.516244
131262336,0.491700
132564528,0.511917
133801267,0.502893
133832049,0.524563
134249298,0.562954
134849548,0.495521
134924292,0.502813
135344405,0.571613
135620804,0.493486
137327982,0.489150
137525850,0.513778
138910709,0.490579
138977055,0.471602
139738464,0.388292
139853489,0.521722
140047339,0.504952
140564601,0.531324
140571506,0.510358
141311466,0.512907
141946686,0.449508
142075152,0.521169
142716668,0.503343
143159371,0.487974
145042229,0.528550
145518909,0.572525
145708791,0.504244
147128025,0.520985
147450056,0.520235
147712159,0.565418
148828676,0.521978
148846102,0.514652
149965942,0.470650
152204625,0.536603
152818187,0.506352
153198298,0.522900
154139987,0.488600
154621647,0.463533
155773979,0.524424
156045092,0.514958
156745023,0.513259
156831916,0.500168
157665372,0.524448
160219862,0.486275
160348847,0.489256
160724902,0.516895
161210880,0.517766
161487326,0.530910
161971127,0.501705
162473641,0.493751
162524508,0.505584
163180737,0.532403
163250093,0.531726
163939556,0.507582
164369297,0.525133
164447901,0.521935
166107508,0.508770
166272944,0.526613
166618587,0.516889
166633303,0.492628
166764102,0.502348
167024520,0.507084
167214012,0.516158
167898719,0.525679
168507420,0.519179
169018290,0.499116
169518455,0.505793
170547167,0.525388
170801530,0.435616
171213128,0.495707
171598736,0.521184
172962811,0.518222
173216568,0.505696
175075708,0.504940
176153330,0.504127
176659323,0.500182
176850599,0.505678
176909116,0.418766
176910659,0.503601
177169769,0.514314
177549638,0.521107
177583197,0.493968
177592870,0.488721
178836499,0.494238
179070296,0.513015
179732982,0.448559
179948811,0.500300
180633258,0.495233
180653053,0.520286
182446060,0.515764
184780576,0.426698
185277740,0.513967
185506471,0.517453
185903495,0.513587
186621181,0.504356
187253039,0.509451
187377716,0.506945
187658030,0.522360
188744528,0.446922
189408784,0.501104
190328374,0.516059
190537400,0.514414
191049947,0.572706
192028431,0.536737
192379122,0.513286
193069286,0.497008
193796574,0.571509
194222922,0.480164
195829353,0.562736
197095038,0.525895
197417201,0.434754
198488053,0.493226
199875709,0.481058
201008210,0.513763
202472938,0.521122
202480627,0.491414
209739174,0.442965
210002058,0.513968
211871567,0.427314
211932365,0.516924
212129844,0.510955
212634446,0.483600
212934500,0.531943
213761225,0.506502
215911580,0.434992
216419836,0.583360
216554380,0.550761
217145597,0.536678
218526734,0.474910
218975278,0.411910
218993683,0.475446
219867689,0.488112
220523088,0.523327
221162525,0.516120
221179155,0.517822
221637541,0.509035
221762308,0.497240
223554780,0.520117
224351666,0.512458
224391627,0.512120
225068510,0.541132
225970038,0.519850
226219881,0.506839
227083634,0.439874
227595374,0.504285
230450027,0.552662
231129000,0.552730
231558689,0.514222
231895094,0.493079
233761277,0.515333
233949261,0.492126
234224660,0.507801
234872414,0.519932
236511574,0.524771
236906055,0.519106
237131131,0.508314
237348797,0.517218
237820048,0.508710
238064439,0.491288
238206354,0.511325
238862918,0.464517
239964758,0.440222
240303484,0.525689
240431327,0.531247
240913462,0.499412
240984102,0.474017
241922493,0.502576
243624699,0.519612
243639047,0.446096
243666326,0.498274
244268646,0.510453
245237505,0.521857
245358984,0.562601
245412130,0.494242
246403554,0.559025
247196478,0.521929
247854534,0.504248
247890865,0.509451
247905865,0.502805
247981000,0.508485
248109607,0.495689
248286601,0.507075
248498819,0.569050
249379601,0.511061
249542934,0.518327
250912539,0.459845
251831537,0.508194
251986226,0.516249
252046831,0.512287
252989813,0.496586
253081186,0.500448
253110749,0.525954
254283743,0.495787
254640843,0.601435
254910150,0.501530
255557651,0.427464
256426166,0.486125
256765371,0.512300
257048770,0.527159
257145200,0.495213
257186608,0.526134
257251498,0.516878
257529281,0.450716
257774605,0.511550
257801856,0.507180
257912039,0.456083
258203630,0.506974
258335849,0.539811
258540965,0.532610
258900199,0.527079
260036406,0.416582
261060577,0.545082
261066642,0.492137
261309062,0.457501
261350404,0.515011
262341541,0.505296
262349987,0.482506
262396353,0.504986
263433749,0.419219
264377994,0.508200
265183253,0.514524
265512657,0.499293
265678117,0.511920
265685365,0.508661
266247126,0.540230
267021392,0.500235
267938462,0.517246
268757302,0.490951
270053769,0.508607
270425776,0.524666
271127232,0.506950
271208038,0.515031
271997092,0.521502
273028251,0.496565
273130714,0.514766
273177474,0.498057
273189570,0.574680
273280418,0.496638
273417461,0.534064
273448833,0.508200
274704311,0.508455
274746177,0.516106
274813393,0.510073
277227522,0.498788
277719684,0.512365
278163308,0.513833
279333899,0.528113
279692503,0.528303
279711316,0.503171
280721456,0.547538
281560271,0.470057
281909255,0.448513
282392522,0.490978
283110084,0.516685
283284818,0.492643
283499967,0.558211
284210345,0.414668
285744541,0.471606
286680865,0.538775
287407722,0.503436
288915151,0.476473
289145118,0.541585
289623381,0.465372
290011697,0.509395
291553031,0.499184
292699555,0.506614
293269370,0.473678
293465310,0.505350
293765638,0.515820
293816619,0.520350
294452239,0.524976
294991606,0.538371
295601582,0.466162
296946929,0.414321
298240756,0.455680
298718098,0.490192
298915258,0.508293
301799554,0.504611
302422512,0.484306
304222354,0.591273
305056580,0.528266
305216911,0.525216
305435798,0.510645
306614871,0.511624
306962931,0.557556
307897150,0.487114
308500560,0.599818
308861333,0.474252
309999584,0.430888
310199546,0.518278
310271883,0.526717
310586465,0.425243
311621168,0.513645
312797318,0.503775
312997895,0.496613
313008342,0.505676
313545488,0.490667
314797521,0.506544
314927206,0.500763
315244005,0.533282
315615420,0.516611
315657427,0.549920
316227968,0.498156
317808744,0.532390
318669118,0.507737
318681017,0.535231
320027703,0.444594
321589427,0.490558
321732170,0.521297
322134353,0.514924
322688820,0.459271
322868425,0.439138
323063606,0.504922
324828033,0.512340
326944732,0.508147
327526580,0.504504
329525509,0.573304
329899747,0.507183
330537050,0.506461
330718614,0.503640
331142058,0.569937
331376866,0.513635
331797450,0.505499
332638577,0.523462
332819736,0.497131
333615931,0.499741
333720818,0.492966
334069080,0.521853
334753435,0.436569
335033945,0.431797
335066641,0.506660
338701477,0.509938
340506013,0.514051
342460950,0.512359
342499618,0.499413
342893296,0.491393
343501683,0.507359
343653872,0.515456
344166129,0.513393
344464386,0.519445
345104604,0.496106
346043982,0.509787
347745538,0.518562
347971482,0.462401
348321777,0.498070
348819508,0.449795
349386919,0.552973
352547206,0.516361
353138804,0.514127
354197301,0.496814
354771693,0.515662
357461232,0.432778
357810318,0.502170
357936154,0.451249
358305500,0.495275
358421123,0.417672
359019937,0.524699
359119320,0.489868
359652362,0.508510
363247022,0.564600
363437423,0.485063
364514085,0.515899
364916934,0.495214
364968370,0.489930
366008526,0.467874
366939898,0.511041
367308660,0.535180
368204729,0.505009
370216378,0.548717
371726146,0.503759
372082694,0.513676
372892570,0.503743
373656619,0.501577
373758798,0.539829
374331041,0.415894
375374016,0.516123
376542499,0.458278
377188795,0.413178
377683003,0.505716
378181419,0.510271
380608558,0.473551
381144077,0.512421
381515832,0.502868
383906575,0.496690
385088319,0.508199
385521710,0.522329
385841800,0.506599
386553462,0.503720
386640525,0.483597
387528139,0.519580
387862476,0.525394
388540227,0.513457
388585144,0.501262
388666653,0.537171
388777195,0.490301
389236289,0.434596
389744436,0.512248
390477696,0.519711
390526317,0.514974
396158429,0.409965
396904079,0.495462
398045016,0.509743
398284768,0.513700
399617039,0.462776
400691253,0.508624
401859102,0.542069
402329017,0.513754
402434614,0.505868
405652616,0.516417
407805674,0.492108
407880875,0.437914
408168342,0.430803
408220808,0.517017
413362813,0.524309
413395567,0.525433
414191125,0.508471
414257018,0.543159
416305947,0.500130
418308596,0.508906
419161713,0.515506
421573665,0.522613
421863694,0.500281
424446981,0.501190
426251923,0.505429
427654338,0.540688
427847925,0.474892
428176844,0.504978
428741825,0.497824
428880240,0.424448
429543135,0.516689
430924698,0.540313
432973716,0.446217
435336487,0.503538
437190314,0.498363
438449199,0.468267
439434273,0.507528
440201085,0.477248
444361536,0.535564
444374745,0.500250
445317667,0.504016
446332475,0.512177
448792429,0.527252
456916306,0.503608
459846845,0.512147
463414347,0.496859
463422324,0.524320
464790606,0.512382
466920813,0.579699
469885689,0.464743
469921287,0.609513
470420282,0.508288
471306651,0.431778
471617923,0.532800
472145673,0.499390
472515859,0.576300
472522579,0.467434
473469102,0.510491
473524536,0.516766
473782936,0.513760
475274619,0.505863
475404591,0.437074
476512333,0.515597
478070780,0.547323
478309668,0.502128
479953114,0.494201
480655666,0.537137
480786828,0.520975
480804118,0.540510
480928357,0.557183
481430749,0.528046
483078503,0.471815
487840423,0.486285
488724506,0.514418
489720219,0.396155
491472275,0.500469
493015263,0.512848
494550045,0.498882
495447462,0.489167
496293711,0.515162
498563302,0.509725
500058151,0.505997
501322226,0.505858
503662020,0.516054
507415283,0.501848
509473454,0.497295
513778623,0.507354
514718176,0.517150
517840915,0.495617
517907432,0.517676
518027987,0.487655
519017852,0.489466
519505793,0.492685
520011678,0.495191
520697434,0.509818
523629500,0.509607
524649683,0.492756
524916657,0.515237
526977284,0.481248
533278348,0.478010
533713424,0.570752
534638680,0.442960
534745180,0.458718
535400371,0.463295
536781820,0.512317
538547125,0.473667
539492347,0.435324
540316720,0.572534
540351762,0.446902
540815308,0.508274
542230961,0.525279
543780273,0.605726
543899246,0.509014
544751564,0.520472
546964954,0.482389
547630729,0.511266
549596819,0.510870
549824334,0.520637
550272650,0.515045
555579293,0.530291
557465085,0.449690
562390825,0.514015
562517854,0.571545
562981626,0.534803
563387452,0.402558
564091125,0.492750
564273480,0.464249
564813651,0.494862
565042773,0.503425
565469671,0.556100
568695530,0.600746
570437806,0.511106
571483825,0.495555
571964470,0.506180
575504644,0.585088
576012298,0.501089
579377606,0.514269
579491814,0.556736
583390972,0.510377
586125611,0.507862
586132952,0.496052
586319054,0.494450
589754331,0.514908
590294390,0.515870
591584517,0.503183
592348961,0.490816
593175315,0.520466
593667852,0.504543
594156339,0.481876
594368622,0.459290
595713196,0.505490
596869617,0.520689
598348855,0.509859
600470774,0.515163
601290874,0.466255
601979135,0.506712
606726493,0.558097
606735694,0.545222
606981387,0.511796
611358661,0.506169
611403956,0.509755
617318310,0.507067
619362392,0.508787
625177508,0.509638
625955310,0.507103
626006840,0.496736
626331458,0.515202
627212847,0.535790
630030255,0.419903
633426347,0.498033
634904655,0.497279
701392680,0.531663
703599787,0.492195
724816394,0.521030
727242919,0.506969
730587960,0.502466
731965982,0.503422
733028388,0.522736
741492187,0.528810
747697374,0.515485
748310160,0.506673
749598222,0.449828
751011565,0.503061
754129262,0.500280
757345172,0.501601
758636750,0.509586
764423749,0.502941
768415572,0.528791
779495720,0.494180
780786054,0.569095
783142584,0.501905
789205164,0.503944
790055636,0.513481
798762666,0.520295
804734372,0.542853
805307714,0.507545
805333129,0.505571
809108984,0.517875
811624796,0.580751
816614216,0.531625
818551056,0.510154
820068792,0.526983
822540241,0.512594
822568802,0.483904
829859839,0.501076
830829828,0.498640
838265496,0.516994
838557542,0.501380
840528662,0.561122
842475074,0.536261
845139168,0.527098
849162614,0.477018
853748822,0.497648
860160420,0.518507
869207839,0.493857
873546254,0.508024
876656678,0.488892
879506286,0.513189
885659928,0.518570
887203226,0.511772
889115678,0.508245
896342461,0.503211
898952310,0.514275
900035040,0.525448
901209434,0.509041
903105691,0.517407
904396772,0.522382
905282768,0.522479
912634680,0.509992
915924998,0.509191
917749700,0.465552
918009306,0.526573
922427654,0.524532
923985200,0.456330
925795734,0.565934
930506466,0.539261
931594219,0.529034
931892910,0.522857
932585497,0.505027
936040214,0.531561
939015420,0.506125
942156122,0.518795
942868836,0.475648
948471642,0.516950
948620310,0.543905
952334024,0.512573
963145339,0.546072
963275773,0.502340
965133673,0.496236
966638065,0.483325
967423477,0.512398
970818296,0.508088
979818301,0.517611
993483668,0.503643
993962845,0.474800
996067051,0.493345
1003130904,0.568995
1009864844,0.475839
1010979907,0.544151
1017808566,0.499148
1018620445,0.515994
1024827330,0.502903
1024999375,0.514296
1025313223,0.505667
1031872406,0.507139
1046175163,0.523811
1051333165,0.522349
1057566710,0.525206
1068545598,0.476700
1069353853,0.522274
1071841692,0.494467
1072520654,0.528593
1081819903,0.505817
1098402872,0.508041
1104346478,0.504253
1115336587,0.482214
1123212380,0.566529
1134387428,0.517797
1143368334,0.488082
1146533180,0.512071
1155273433,0.499867
1164373388,0.515002
1166969684,0.523269
1176527791,0.508512
1188132697,0.473682
1190604492,0.515203
1193686536,0.482976
1199397170,0.508633
1216086978,0.517195
1216795250,0.509358
1242653575,0.474695
1247418349,0.574153
1249892281,0.482082
1250538404,0.415620
1251052585,0.476451
1251872904,0.506246
1258209258,0.506802
1265169745,0.433244
1268625612,0.505274
1270837801,0.524053
1271691679,0.547816
1287439165,0.511349
1289674926,0.525195
1297729854,0.559266
1311764197,0.474746
1313339132,0.455616
1319295614,0.520730
1328464994,0.519803
1334785333,0.506395
1334852306,0.546420
1338330434,0.497668
1340365914,0.504279
1353324606,0.513057
1354732754,0.501263
1355828240,0.520790
1360631528,0.547322
1370926345,0.502086
1375306027,0.508956
1377573355,0.511928
1380718279,0.552181
1380808520,0.521323
1387885346,0.498239
1403202007,0.515097
1406691746,0.508778
1407972582,0.403114
1414117614,0.517108
1417040330,0.537311
1418887076,0.529272
1421631721,0.555662
1421998471,0.513612
1428047612,0.516273
1435509080,0.502786
1450526228,0.498249
1456761750,0.516694
1458563664,0.513252
1460760210,0.550901
1469822852,0.445733
1470960901,0.498737
1478211248,0.515963
1480505023,0.500508
1483880702,0.513309
1488897421,0.460932
1495088653,0.514268
1499145156,0.386425
1506845246,0.513921
1510817994,0.548919
1512191946,0.504192
1516193521,0.545688
1525578882,0.517701
1536791610,0.524919
1548227732,0.517114
1549686492,0.427618
1551868069,0.511494
1559350598,0.502265
1571714280,0.504187
1590693098,0.510141
1592078822,0.522187
1592635465,0.521515
1600195111,0.515454
1601889872,0.513129
1610741862,0.534283
1614251834,0.583162
1629339452,0.505969
1645478802,0.487004
1645759142,0.578785
1646771184,0.466099
1647061712,0.514184
1654488295,0.514251
1660314608,0.523535
1681857542,0.513825
1692555433,0.479951
1692609740,0.497884
1697300972,0.605699
1702560355,0.506873
1707682164,0.523273
1723952785,0.570442
1725346819,0.517494
1854917430,0.506381
1858270231,0.511152
1858415868,0.520849
1861412166,0.490347
1869036517,0.471835
1881112440,0.527540
1884904412,0.499381
1892830382,0.515821
1899432967,0.462566
1900539194,0.518882
1901990995,0.508240
1909557109,0.420407
1912576375,0.495644
1927205629,0.502591
1954451161,0.586643
1957716374,0.508208
1963094388,0.509512
1963712388,0.454089
1966845822,0.504699
1967614440,0.517215
1975823378,0.517889
2148580382,0.502696
2150350748,0.520673
2153710723,0.540349
2154273384,0.527437
2159855251,0.505552
2178009186,0.477769
2191061814,0.518344
2198704819,0.505266
2203894490,0.499344
2208173625,0.452215
2216018301,0.513122
2225785909,0.510141
2233452180,0.487618
2233635295,0.560192
2233646658,0.506394
2244682254,0.422119
2246240480,0.514503
2247466446,0.529517
2248799216,0.498502
2257976822,0.579583
2270543852,0.423698
2275605806,0.525487
2278767387,0.519257
2279949104,0.439681
2279996258,0.591501
2280884857,0.521526
2280933884,0.414508
2288286854,0.552110
2292547999,0.501036
2298671550,0.538280
2300073361,0.534196
2300514811,0.518048
2308265716,0.599709
2311099634,0.514665
2312595268,0.534760
2314440847,0.523025
2316366210,0.522651
2332065509,0.514013
2333040390,0.451332
2341044722,0.416214
2348922644,0.533836
2352599250,0.518217
2356348507,0.491491
2356549188,0.496861
2362104414,0.571033
2369153479,0.505757
2372368079,0.512394
2376582930,0.517242
2377691090,0.540740
2380699792,0.513766
2386034021,0.484911
2387111383,0.505501
2402059454,0.565393
2417826549,0.500126
2424639619,0.575646
2424707233,0.604435
2438013757,0.507296
2438762940,0.502740
2449913803,0.410998
2459129959,0.494999
2460450793,0.539228
2461452080,0.448711
2462808887,0.432572
2473261232,0.508024
2476036543,0.511062
2482628143,0.492173
2485901304,0.564960
2491964094,0.565733
2502348015,0.491706
2507906130,0.515642
2511302792,0.564820
2522001204,0.556532
2534195028,0.436844
2536177892,0.508834
2556725362,0.504586
2558033729,0.515323
2561564432,0.487744
2564285390,0.507979
2564440225,0.443143
2571925363,0.470344
2574739866,0.519028
2576136230,0.514873
2579109732,0.483075
2582736318,0.429221
2607995856,0.482739
2651844968,0.447919
2655537530,0.501198
2657622183,0.492495
2667881743,0.527491
2672422810,0.518633
2685519077,0.528769
2690777048,0.518998
2695656084,0.505646
2705075796,0.596006
2706201270,0.485499
2713877234,0.522786
2714551200,0.422266
2718347636,0.423497
2728581335,0.538129
2730584163,0.528595
2733006195,0.397899
2736300903,0.507110
2738717014,0.479904
2743762147,0.523731
2783144541,0.508206
2792156032,0.424182
2792747342,0.472355
2802077124,0.553724
2802332676,0.502507
2802646946,0.432275
2808067079,0.521895
2809669704,0.510805
2812424461,0.520142
2818204127,0.524995
2823788486,0.502138
2829300438,0.494683
2863728977,0.503060
2865560724,0.499149
2868258183,0.498183
2869068720,0.502776
2875174331,0.501137
2877118643,0.507221
2878075066,0.381495
2891474527,0.489659
2896326927,0.496835
2897022418,0.520385
2927834407,0.524241
2936790183,0.550842
2941152252,0.570147
2942226411,0.513807
2943056070,0.507139
2946034450,0.516543
2949261587,0.555637
2951005084,0.472100
2951733495,0.497032
2951975306,0.571400
2957931503,0.527212
2964197287,0.495399
2984587975,0.505413
2984750201,0.518395
2988647262,0.510509
2990718884,0.520996
2993222656,0.495332
2997047631,0.589089
3000174200,0.509882
3010503427,0.538647
3015956192,0.509443
3051944620,0.512382
3081420210,0.552710
3091890379,0.483099
3093158331,0.518932
3098400900,0.519594
3102653770,0.419600
3104990163,0.480310
3105380327,0.403983
3111145354,0.474426
3113088297,0.518401
3130914869,0.581713
3139186004,0.468614
3140643874,0.494216
3151882915,0.509158
3154508072,0.429990
3167335095,0.583724
3171738157,0.613909
3171896913,0.562184
3180033518,0.495363
3188733363,0.512675
3189078523,0.601888
3192012592,0.463905
3192392581,0.597039
3195330108,0.604909
3199302520,0.451191
3224644603,0.513128
3224770387,0.573957
3227730607,0.592206
3228880990,0.551699
3229153556,0.553868
3231868097,0.600921
3232102722,0.587625
3235955615,0.431205
3242279563,0.437327
3242841195,0.565424
3249374986,0.551703
3250894425,0.547459
3254912324,0.571392
3258001632,0.574745
3259494140,0.477097
3270321498,0.574611
3272381252,0.499035
3275533321,0.589485
3277433070,0.400671
3279196610,0.508635
3284112337,0.395885
3284189839,0.416721
3287312391,0.612555
3293501861,0.593677
3294955041,0.607350
3297832559,0.517159
3299786253,0.584066
3299860077,0.562729
3300064481,0.572698
3301127227,0.600239
3301553572,0.579296
3302915034,0.592383
3306201620,0.470077
3309422527,0.441892
3310028162,0.589055
3310526178,0.391226
3310696012,0.609633
3310874893,0.426578
3311869442,0.611453
3312973854,0.589066
3315269498,0.587704
3315399386,0.597536
3315520855,0.473999
3316267142,0.590127
3319052612,0.475635
3325576474,0.508787
3329825789,0.500256
3329931629,0.585062
3330052767,0.585610
3331481614,0.501885
3332640269,0.502235
3339874060,0.602078
3351730228,0.538874
3352466116,0.518482
3352803292,0.593571
3353727100,0.510241
3354545907,0.446854
3368690836,0.538755
3370353071,0.497976
3386031940,0.433877
3388321263,0.592789
3389880671,0.394527
3394204695,0.544132
3394554133,0.595355
3394924354,0.422954
3397533639,0.430816
3400867311,0.454102
3403451547,0.433621
3407395714,0.433919
3409706945,0.455699
3410432950,0.451909
3410807495,0.593728
3411839685,0.569761
3412562963,0.617821
3413738387,0.604572
3418466404,0.515654
3419873583,0.467215
3422267541,0.580522
3422789174,0.494086
3424299539,0.512409
3424368129,0.501849
3429057861,0.592340
3430678311,0.506047
3432209199,0.591184
3433390213,0.607441
3434356745,0.595633
3449523733,0.509589
3450964103,0.516227
3452894301,0.488453
3483102436,0.452149
3486342376,0.538784
3498857657,0.438133
3515547857,0.488083
3539836095,0.518528
3540580215,0.555279
3573336134,0.551275
3579096975,0.510906
3587553312,0.499602
3588504253,0.517469
3631648093,0.513945
3666144674,0.442593
3691999935,0.473959
3707208615,0.506197
3743861356,0.439054
3750639374,0.403434
3772927092,0.600101
3786822133,0.460302
3795603381,0.597256
3805800674,0.477791
3816965963,0.510996
3846176453,0.531742
3848656575,0.617163
3864868815,0.496401
3872826447,0.446651
3882727697,0.515771
3885414492,0.588611
3892233005,0.510815
3893162519,0.516497
3913470017,0.504527
3917008632,0.487686
3946365557,0.558916
3970979594,0.485906
3998221213,0.499357
4003730774,0.480373
4014574593,0.481784
4049098757,0.461992
4061885906,0.586390
4063127891,0.513706
4070524766,0.497793
4091481669,0.463957
4094704180,0.491484
4112223267,0.426282
4113864453,0.447567
4139467932,0.494670
4149644187,0.474196
4159694920,0.424187
4164429193,0.545847
4169286705,0.478279
4176516076,0.528139
4197996737,0.506779
4204474265,0.528997
4218913349,0.512508
4265934436,0.490598
4302290188,0.529745
4306599138,0.490974
4307235683,0.512037
4317051854,0.594542
4332046835,0.462439
4347747935,0.527442
4353841283,0.586892
4433841208,0.403728
4434221542,0.572728
4434223398,0.514845
4434954554,0.459057
4488800302,0.516178
4490213472,0.489441
4522269616,0.529940
4539913215,0.394841
4558048156,0.510038
4581287603,0.521694
4597457008,0.468047
4606770373,0.586485
4612779200,0.603320
4618300349,0.471389
4634118211,0.463474
4635514699,0.507019
4644102737,0.515385
4646585837,0.469406
4650885269,0.528800
4656078680,0.512307
4679578027,0.584242
4696552878,0.525788
4706270920,0.395228
4708373603,0.542313
4716070998,0.475247
4729789692,0.399170
4738383390,0.592929
4751746148,0.520373
4796927255,0.572572
4809119178,0.505837
4823066891,0.481573
4829344809,0.517105
4834734315,0.509372
4835749726,0.434507
4847815478,0.566326
4855383726,0.501295
4856899380,0.504248
4859985830,0.506835
4882094038,0.523799
4884966191,0.446595
4889333114,0.427386
696533957651763200,0.530215
698513665687818240,0.499655
701423921157943297,0.492556
300538516,1.000000
4903974179,1.000000
1700717659,1.000000
164584108,1.000000
442306827,1.000000
24399531,1.000000
39258707,1.000000
472510240,1.000000
185189538,1.000000
67130089,1.000000
304696956,1.000000
2226289219,1.000000
327750233,1.000000
568608987,1.000000
2181006680,1.000000
314167169,1.000000
2978122428,1.000000
355720996,1.000000
993924499,1.000000
3706900213,1.000000
2931948320,1.000000
2716352475,1.000000
215475968,1.000000
2889206220,1.000000
184637477,1.000000
4719313943,1.000000
284861750,1.000000
300698799,1.000000
